report_id,投资建议,行业观点,行情回顾,行业跟踪,风险提示
20241130-东吴证券-东吴证券有色金属行业跟踪周报：市场开始交易海外通胀回落，贵金属资产价格回落，工业金属录得环比上涨.pdf,,,回顾本周行情（11 月 25 日-11 月 29 日），有色板块本周下跌 0.61%，在全部一级 行业中涨幅靠后。二级行业方面，周内申万有色金属类二级行业中工业金属板块上 涨 0.05%，小金属板块下跌 0.24%，能源金属板块下跌 0.33%，金属新材料板块下 跌 2.52%，贵金属板块下跌 3.35%。工业金属方面，本周经济数据表明美国整体通 胀压力正在减轻，市场开始交易海外通胀回落，截至 11 月 29 日，本周美元指数冲 高回落，周环比下跌 1.58%，美国十年期国债收益率下跌 4.90%，本周工业金属录 得环比上涨。贵金属方面，本周中东地缘紧张大幅缓解，地缘政治风险对黄金的溢 价部分在本周大幅消退，叠加通胀类资产的价格回落，本周黄金价格录得大幅回调， 预计短期仍处于筑底阶段。,"铜：美元指数冲高回落，预计短期铜价将完成筑底震荡上行。截至 11 月 29 日，伦铜 报收 9,015 美元/吨，周环比上涨 0.47%；沪铜报收 73,830 元/吨，周环比上涨 0.09%。 供给端，截至 11 月 29 日，本周进口铜矿 TC 均价持稳 10.5 美元/吨；必和必拓预计未 来十年全球铜供应缺口将达到 1000 万吨；厄瓜多尔矿业部副部长在一次行业会议上表 示，由于停电和出口许可证发放延迟影响了产量，厄瓜多尔的矿产出口可能同比下降 约 20%；需求方面，消费传统淡季，但由于国内以旧换新政策等稳增长政策持续刺激 需求，叠加铜价回落，精铜杆、线缆企业的订单增长；宏观方面，市场开始交易海外通 胀下行，本周美元指数冲高回落，对铜价期待支撑作用，本周海内外铜价小幅上涨，预 计短期铜价将完成筑底震荡上行。 铝：新疆发运问题有所缓解，社库增长压制铝价表现。截至 11 月 29 日，本周 LME 铝 报收 2,599 元/吨，较上周下跌 1.18%；沪铝报收 20,390 元/吨，较上周下跌 0.15%。供 应端，本周我国广西、贵州地区电解铝企业由于成本压力继续减产检修，新疆地区电 解铝企业冬季常规检修原因减产，将对电解槽进行轮修，本周电解铝行业运行产能 4365.90 万吨，较上周减少 2.5 万吨；需求端，本周铝板企业为抢出口订单产量上升， 开工率环比增长 0.32%，铝棒企业开工率环比降低 0.07%，电解铝的理论需求有所上 升。成本端由于氧化铝价格持续高启，约 60%电解铝企业面临亏损，未来存在进一步 减产检修的可能性；社会库存方面前期新疆发运问题有所缓解，到库开始增长，本周 电解铝价格环比下跌，预计短期维持震荡走势。 黄金：地缘政治紧张大幅缓解，叠加市场交易通胀下行，黄金价格于本周录得大幅回 调。截至 11 月 29 日，COMEX 黄金收盘价为 2673.90 美元/盎司，周环比下跌 1.63%； SHFE 黄金收盘价为 618.80 元/克，周环比下跌 1.45%。本周，美国第三季度核心 PCE 物价指数年化季率修正值录得 2.1%，低于预期的 2.2%；美国 10 月耐用品订单月率初 值录得 0.2%，低于预期的 0.5%；美国截至 11 月 23 日当周初请失业金人数录得 21.3 万人，低于预期的 21.6%。本周，美国第三季度 PCE 录得超预期下行，而不及预期的 美国 10 月耐用品订单数据同样表明美国整体通胀压力正在减轻，本周市场开始交易海 外通胀回落，截至 11 月 29 日，本周美元指数冲高回落，周环比下跌 1.58%，美国十年 期国债收益率下跌 4.90%，黄金作为通胀相关资产价格回落；此外，中东地缘紧张大幅 缓解，以色列与黎巴嫩已就结束以色列-真主党冲突的协议条款达成一致，地缘政治风 险对黄金的溢价部分在本周大幅消退。本周海内外黄金价格整体下跌，预计黄金价格 短期仍处于筑底阶段。",美元持续走强；下游需求不及预期。
20250928-东吴证券-东吴证券有色金属行业跟踪周报：美国经济数据超预期不改实际利率中期下行预期，贵金属宏观叙事良好本周续创新高.pdf,,,回顾本周行情（9 月 22 日-9 月 26 日），有色板块本周上涨 3.52%，在全部一级行 业中排名靠后。二级行业方面，周内申万有色金属类二级行业中贵金属板块上涨 5.55%，工业金属板块上涨 5.15%，能源金属板块上涨 3.20%，小金属板块下跌 0.91%，金属新材料板块下跌 1.06%。工业金属方面，本周美国经济数据超预期导 致降息预期走弱，叠加十一前下游备货强度不及预期，工业金属价格录得回调。贵 金属方面，短期经济数据波动对贵金属宏观中期叙事影响较小，我们强调 8 月后实 际利率快速下行期已至，预计后续贵金属持续受益走强。,"铜：印尼 Grasberg 矿难引发供给担忧，铜价环比上行。截至 9 月 26 日，伦铜报收 10,205 美元/吨，周环比上涨 2.09%；沪铜报收 82,470 元/吨，周环比上涨 3.20%。供给 端，截至 9 月 26 日，本周进口铜矿 TC 下跌至-41.5 美元/吨，本月国内铜冶炼厂大规 模检修已落地，供给面临紧缺；自由港表示其印尼格拉斯伯格铜金矿因泥石流事故导 致约 80 万吨湿料涌入矿井波及多作业面，预计 2027 年恢复生产作业，影响年产量约 27 万吨；需求方面，临近十一假期，下游小幅备库，但整体需求不及预期。宏观层面， 本周美国地区经济数据均好于预期，市场降息预期所有下降。本周海内外铜价受到矿 端影响环比上涨，在远期供给收缩以及美联储仍具备降息空间的基础上，预计后续铜 价震荡偏强，需关注后续需求落地情况。 铝：下游开启十一备货周期，整体需求偏弱铝价于本周录得回调。截至 9 月 26 日，本 周 LME 铝报收 2,649 美元/吨，较上周下跌 1.01%；沪铝报收 20,745 元/吨，较上周下 跌 0.24%。供应端，甘肃、广西、新疆以及青海地区电解铝企业检修完毕，释放复产产 能，本周中国电解铝行业理论开工产能达到 4416.50 万吨，较上周增加 8 万吨；需求 端，本周铝板带箔企业产能利用率环比下降 3.07pct，铝棒产能利用率环比下降 0.04pct， 本周电解铝的理论需求有所下降。临近国庆，部分地区下游接货商开始囤货，但整体 需求不及预期，本周电解铝社会库存环降 2.88%至 62.66 万吨，此外美联储降息落地利 好兑现，本周铝价录得回调，我们预计海内外铝价短期维持震荡走势，但进一步走高 需观察“金九银十”需求端的落地情况。 黄金：美国经济数据超预期不改实际利率中期下行趋势，贵金属宏观叙事良好本周续 创新高。截至 9 月 26 日，COMEX 黄金收盘价为 3789.80 美元/盎司，周环比上涨 1.89%； SHFE 黄金收盘价为 856.06 元/克，周环比上涨 3.07%。美国 2025 年 Q2 实际 GDP 录 得 3.8%，好于预期的 3.3%；美国 8 月耐用品订单月率初值录得 2.9%，大幅高于预期 的-0.5%；美国截至 9 月 20 日当周初请失业金人数录得 21.8 万人，低于预期的 23.5 万 人；美国 8 月 PCE 物价指数年率录得 2.7%，符合预期。本周超预期的美国经济数据使 得降息预期少许回落，9 月降息落地后美元与美债利率同比回升（美元指数本周环比回 升 0.53%，十年期美债利率环比回升 1.16%）。我们多次强调在 8 月全球央行年会美联 储表态的关键改变后，再通胀的持续性以及非恶性服务业通胀情况下降息预期的延续 成为了本轮中期宏观叙事的核心逻辑，关税带来的通胀上行与降息带来的名义利率下 行将延续后续市场，实际利率快速下行期已至，贵金属后续空间广阔，贵金属有望持 续走强，而在联储连续降息的背景下，我们认为经济不具备中期下行条件，白银在此 基础上将具备更大的补涨弹性。",美元持续走强；下游需求不及预期。
20250525-东吴证券-东吴证券有色金属行业跟踪周报：关税政策反复叠加美债拍卖遇冷，美国财政恶化驱使黄金价格再度走牛.pdf,,,回顾本周行情（5 月 19 日-5 月 23 日），有色板块本周上涨 1.26%，在全部一级行 业中排名中等。二级行业方面，周内申万有色金属类二级行业中贵金属板块上涨 5.58%，工业金属板块上涨 1.86%，能源金属板块上涨 0.36%，小金属板块下跌 1.90%，金属新材料板块下跌 2.60%。工业金属方面，关税政策反复叠加美债拍卖 遇冷，宏观情绪回落致工业金属环比走弱。贵金属方面，特朗普再度威胁欧盟增加 50%关税，美众议院通过大规模减税法案，美国联邦预算问责委员会预计该法案将 令美国国债激增 3 万亿美元以上美国财政恶化驱使黄金价格再度走牛。,"铜：矿端事故再起，全球铜精矿供应偏紧趋势不变为铜价托底。截至 5 月 23 日，伦铜 报收 9,614 美元/吨，周环比上涨 1.76%；沪铜报收 77,790 元/吨，周环比下跌 0.45%。 供给端，截至 5 月 23 日，本周进口铜矿 TC 维持-43 美元/吨，全球铜精矿供应偏紧趋 势不变，但国内铜矿港口库存保持增长，国内冶炼厂短期内未受原料供给问题影响产 量；本周紫金矿业旗下刚果（金）卡莫阿—卡库拉铜矿的卡库拉矿段接连发生多次矿 震，受此影响该选矿厂将维持较低产能运行；需求方面，随着年初以来抢装潮结束，以 及基建端的疲软，消费淡季或提前到来。本周关税政策再起反复，此前乐观情绪有所 退散，我们预计在当下供需双弱的背景下，铜价维持区间震荡的概率较大。 铝：几内亚铝土矿矿区停产致氧化铝价格大幅上行，原铝社库续降为价格托底。截至 5 月 23 日，本周 LME 铝报收 2,466 元/吨，较上周下跌 0.62%；沪铝报收 20,155 元/吨， 较上周上涨 0.12%。供应端，广西、西川电解铝企业小幅复产，本周电解铝行业理论运 行产能 4386.50 万吨，较上周增加 2 万吨；需求端，本周铝板带箔企业产能利用率环比 提升 0.05%，铝棒产能利用率环比提升 0.05%，电解铝的理论需求有所提升。本周社会 库存进一步续降至 58.76 万吨，环比下降 5.13%，社库的持续降低为沪铝托底，但随着 消费淡季的来临以及海外宏观情绪的回落，铝价上行空间有限；继上周五几内亚 Axis Minérales 矿区被政府要求停产后，本周该矿区已被规划为战略储备区，短期复产概率 低，氧化铝价格受此影响大幅上行，预期短期 3000 元/吨将成为有效支撑。 黄金：关税反复叠加美债拍卖遇冷，美国财政恶化驱使黄金价格再度走牛。截至 5 月 23 日，COMEX 黄金收盘价为 3357.70 美元/盎司，周环比上涨 4.75%；SHFE 黄金收盘 价为 780.10 元/克，周环比上涨 3.76%。美国 5 月 SPGI 制造业与服务业 PMI 均录得超 预期增长，其中新增订单增速同比大幅增长的同时，出口订单连续第二个月萎缩，价 格收取分项指数初值创 2023 年 4 月份以来新高，关税对供给的影响正在逐步显现；此 外，美国总统特朗普于本月 23 日威胁自 6 月 1 日起对欧盟商品直接征收 50%关税，关 税的反复进一步削弱市场偏好。5 月 16 日，基于对美国债务水平的担忧，国际评级 巨头穆迪宣布将美国主权信用评级从最高的 Aaa 下调至 Aa1；此外 5 月 21 日，美国 20 年美债拍卖遇冷，投标倍数从 4 月份的 2.63 倍下滑至 2.46 倍，最终得标利率为 5.047%， 环比提升了约 24 个基点，创下去年 12 月以来的最大尾部利差；此外，美众议院通过 大规模减税法案，美国联邦预算问责委员会预计该法案将令美国国债激增 3 万亿美元 以上。我们认为美国财政前景的恶化进一步削弱的美元信用，驱使黄金价格再度走牛； 而关税对实体经济的影响有望于 6-7 月逐步显现，当下仍是较好的左侧布局时点。",美元持续走强；下游需求不及预期。
