report_id,投资建议,行业观点,行情回顾,行业跟踪,风险提示
20221026-东吴证券-东吴证券有色金属行业跟踪周报：继续首推钼涨价，推荐云海金属.pdf,,行业观点：继续首推钼涨价。宏观层面，部分美联储官员表达大幅加息的 忧虑，讨论放缓激进加息步伐，基本金属、贵金属价格有所回涨。1）基本 金属。矿端秘鲁智利两国罢工扰动不间断，持续减产，电网基建拉动铜杆 消费良好，且库存持续低位，铜价有望震荡运行。电解铝方面，俄铝制裁 事件仍为落地，叠加需求弱预期下，铝价偏弱运行。2）贵金属：加息预期 放缓的情况下，贵金属价格有望率先上行。3）小金属：钼价持续上涨至 3340 元/吨度，持续创新高；钢招量、价齐升，矿端和钼铁生产企业库存 均维持低位。中周期来看，海内外钼资源供应量难有增长，合金、特钢、 风电及军工需求稳步增长，钼价持续看涨。4）碳酸锂：需求持续火热，原 矿紧张下碳酸锂价格持续创新高，电碳、工碳价格高达 55/52 万元/吨；5） 稀土需求进入旺季，价格持续回升，10 月下旬价格较 9 月下旬回涨接近 10%，看好稀土后市运行。推荐低估值高成长的新材料、小金属标的，推 荐金钼股份、云海金属、三祥新材、华宏科技等，建议关注融捷股份、赤 峰黄金、索通发展，神火股份、天山铝业等。,经济增长不及预期，美国流动性转向。,稀土磁材：上周稀土主流产品价格呈现阴跌行情，下跌过程中废料价格 仍倒挂明显。 ◼ 锂：上周磷酸铁锂价格较上上周维持稳定，锂源货紧价高局面短期难改， 铁锂涨价预期偏强。 ◼ 钴：电解钴方面，氢氧化钴折扣系数下调，且现货市场可流通货源暂少， 多数品牌钴货源紧张叠加下游需求未有明显改善，市场看空心态强。 ◼ 铝：上周预焙阳极价格持稳运行，主产区生产企业运行稳定，受疫情影 响，部分地区交通运输受限，影响企业原料与成品运输。 ◼ 铜：上周，再生铜杆与期铜的价差有所收窄，市场再生铜杆与期铜价差 持续在平水一线反复，对于再生铜杆的投机商交易来看，相对有利。 ◼ 贵金属：美联储加息担忧持续，金价承压触及两年半低位。 ◼ 其他金属：上周锌价前弱后强，合金消费维持弱势，预计后期消费还将 偏弱。,"行情回顾：上周（10 月 17 日—10 月 21 日），沪深 300 指数下降 2.69%， 收于 3,742.89 点。有色金属（申万）指数下降 3.57%，收于 4655.75 点。 有色金属细分子行业中，按申万三级指数：铜、铝、铅锌、黄金、小金属、 金属新材料分别收于 501.13、684.04、496.54、870.62、1,191.57 和 1,158.64 点，涨跌幅分别为-2.14%、-3.68%、-2.16%、-2.98%、-4.17%和-0.23% 。个 股涨幅前五的公司为合金投资、利源精制、博威合金、金贵银业和中洲特 材。"
20250922-东吴证券-东吴证券有色金属行业跟踪周报：美联储预防式降息符合预期，部分投资者获利了结导致工业金属价格回调.pdf,,,美元持续走强；下游需求不及预期。,"铜：降息落地获利盘利好兑现致铜价环比回落，十一备货周期开启现货具备支撑。截 至 9 月 19 日，伦铜报收 9,997 美元/吨，周环比下跌 0.71%；沪铜报收 79,910 元/吨， 周环比下跌 1.42%。供给端，截至 9 月 19 日，本周进口铜矿 TC 维持-41 美元/吨，本 月国内铜冶炼厂大规模检修正在逐步落实，预计后续精炼铜产量下行，供给面临紧缺； 印尼 Grasberg 铜矿因事故停工，Grasberg 铜矿 2025 年上半年产量为 29.7 万吨(月均约 4.95 万吨)；需求方面，临近十一假期，下游需求逐步释放，小幅备库。铜箔需求较好， 而铜杆及线缆订单并无明显起色。宏观层面，本周美联储降息落地，市场部分获利盘 利好兑现卖出，本周海内外铜价环比回调，我们预计随着十一备货周期开启以及检修 幅度的加大，现货将具备支撑，需关注短期降息落地后的兑现情况。 铝：美欧对俄二级制裁情绪消散叠加降息利好兑现，铝价于本周录得回调。截至 9 月 19 日，本周 LME 铝报收 2,676 美元/吨，较上周下跌 0.93%；沪铝报收 20,795 元/吨， 较上周下跌 1.54%。供应端，短期内我国电解铝企业暂无增减产计划，本周中国电解铝 行业理论开工产能维持 4408.50 万吨不变；需求端，本周铝板带箔企业产能利用率环比 提升 2.76pct，铝棒产能利用率环比提升 0.20pct，本周电解铝的理论需求有所上升。本 周电解铝社会库存环增 2.45%至 64.52 万吨，铝棒社库环增 2.58%至 12.73 万吨，由于 美欧此前表示将对俄罗斯实施二级制裁，LME 铝价领涨市场，然而经过多次演绎，俄 铝对欧美影响已逐步减小，叠加降息落地利好兑现，本周铝价录得回调，我们预计随 着旺季的深入以及下游开工率的提升十一备货周期的来临，海内外铝价短期震荡偏强， 但进一步走高需观察“金九银十”需求端的落地情况。 黄金：降息落地获利盘了结致贵金属本周回调盘整，中期叙事良好预期后续上行空间 广阔。截至 9 月 19 日，COMEX 黄金收盘价为 3719.40 美元/盎司，周环比上涨 1.05%； SHFE 黄金收盘价为 830.56 元/克，周环比下跌 0.44%。美国 8 月零售销售月率录得 0.6%，超出预期的 0.2%；美国截至 9 月 13 日当周初请失业金人数录得 23.1 万人，低 于市场预期的 24 万人（后被证实由于技术错误导致数据显示偏低）。9 月 18 日，FOMC 结束为期两天的货币政策会议，宣布降息 25 个基点，把联邦基金利率目标区间下调至 4%到 4.25%之间，点阵图显示 2025 年后续仍有两次 25bp 的降息预期，利率决议符合 市场预期。整体来看，鲍威尔明确了此次为“风险管理式降息”，并承认了劳动力下行 压力与商品价格上行引发的再通胀情形。本周超预期的美国经济数据以及降息实质落 地带来的利好兑现，使得部分投资者获利了结，贵金属价格录得回调。我们多次强调 在 8 月全球央行年会美联储表态对就业市场的关注度提升后，实际利率快速下行期已 至，预计短期获利盘兑现了结后，后续贵金属将重新走强，而在联储连续降息的背景 下，我们认为经济不具备中期下行条件，白银在此基础上将具备更大的补涨弹性。",回顾本周行情（9 月 15 日-9 月 19 日），有色板块本周下跌 4.02%，在全部一级行 业中排名靠后。二级行业方面，周内申万有色金属类二级行业中能源金属板块上涨 1.25%，金属新材料板块下跌 3.06%，工业金属板块下跌 3.90%，贵金属板块下跌 6.17%，小金属板块下跌 7.66%。工业金属方面，旺季已来需求缓慢复苏，但力度 稍弱，美国降息落地导致获利盘了结，工业金属本周录得回调。贵金属方面，降息 落地后少部分投机资金兑现卖出，贵金属价格于本周震荡走弱，然而我们强调 8 月 后实际利率快速下行期已至，预计后续贵金属持续受益走强。
20231015-东吴证券-东吴证券有色金属行业跟踪周报：地缘政治风险引发避险情绪，黄金价格上涨.pdf,,,美元持续走强；下游需求不及预期。,"铜：LME 铜持续累库，高库存叠加铜 24 年过剩预期，铜价承压。截至 10 月 13 日，伦铜报收 7,938 美元/吨，周环比下跌 1.33%；沪铜报收 66,470 元 /吨，周环比下跌 1.15%。供给端，本周进口铜精矿 TC 价格小幅下跌至 93.5 美元/吨，维持偏弱局势，基本面维持稳定。国际铜研究组织(ICSC)本周在 里斯本召开会议后表示，预计到 2024 年，产量将超过使用量 46.7 万吨， 与该集团 4 月份上次会议时预计的 29.7 万吨盈余大幅上调；需求端，节后 下游小幅补库后，由于铜价持续震荡走弱，使得市场看跌情绪较浓，遂备 货采买相对谨慎。长期来看，铜价受制于海外需求放缓以及 LME 持续累 库，叠加经济数据超预期，加息预期再次抬头，预计铜价维持震荡走势。 铝：中国经济缓慢复苏，地缘政治风险削弱整体风险偏好，海内外铝价承 压。截至 10 月 13 日，LME 铝报收 2,190 美元/吨，较上周下跌 2.32%；沪 铝报收 18,940 元/吨，较上周下跌 2.60%。供应端，本周电解铝行业开工继 续持稳，运行产能增速明显放缓，供应较上周保持不变；需求端，本周下 游铝棒铝板企业减复产不一，其中铝棒企业较上周增产运行，产量 26.1 万 吨，周环比上升 0.28%，铝板企业较上周减产运行，铝板带箔产量 19.7 万 吨，周环比减少 0.55%。长期来看，9 月中国经济数据显示温和复苏仍在继 续，但力度减弱，我们预计铝价在短期受制于美元对商品价格的压制，中 期关注地缘政治的影响发展，长期随着制造业的回暖，未来铝价维持震荡 行情。 黄金：美国 9 月 CPI、PPI 均超出预期，地缘政治风险加剧导致避险情绪 浓厚，Comex 黄金价格大幅上涨。截至 10 月 13 日，COMEX 黄金收盘价 为 1,945.90 美元/盎司，周环比上涨 5.35%；SHFE 黄金收盘价为 454.92 元 /克，周环比下跌 1%。本周，美国 9 月份 PPI 同比增长 2.2%，高于预期的 1.6%；美国 9 月份 CPI 同比增长 3.7%，高于预期的 3.6%。此外，中东地 缘政治风险进一步加剧，避险情绪浓厚，市场对战争波及产油国的担忧加 剧了对通胀持续性的担忧，美元在下半周重回涨势。本周主要经济数据表 明美国通胀压力仍存， 地缘政治风险加剧，避险情绪使得黄金大幅上涨， 后续需密切关注地缘政治风险是否会波及产油国节以及 CPI、PPI 的超预 期是否具备持续性，预期整体维持震荡行情。",回顾本周行情（10 月 9 日-10 月 13 日），有色板块本周上涨 0.47%，在 全部一级行业中涨幅靠前。二级行业方面，周内申万有色金属类二级行 业中能源金属板块上涨 4.59%，小金属板块下跌 0.11%，金属新材料板 块下跌 0.11%，贵金属板块下跌 0.38%，工业金属板块下跌 0.95%。工 业金属方面，本周主要经济数据表明美国通胀压力持续，美元上涨，周 内海外工业金属价格全线回落，预计短期金属价格受风险偏好影响将承 压，整体维持震荡行情。贵金属方面，地缘政治风险上升，避险情绪浓 厚，贵金属价格短线上涨，预计后续价格维持震荡运行。
