report_id,投资建议,行业观点,行情回顾,行业跟踪,风险提示
20251209-东吴证券-东吴证券有色金属行业跟踪周报：降息预期进一步强化叠加多个金属仓单告急，有色录得环比上涨.pdf,,,回顾本周行情（12 月 1 日-12 月 5 日），有色板块本周上涨 5.35%，在全部一级行 业中排名靠前。二级行业方面，周内申万有色金属类二级行业中贵金属板块上涨 0.39%，金属新材料板块上涨 3.08%，小金属板块上涨 2.47%，工业金属板块上涨 9.14%，能源金属板块下跌 0.53%。工业金属方面，随着美国 11 月 ADP 及 9 月 PCE 数据出炉，美国年内降息概率进一步上行利好工业金属风偏上移，此外以铜为 首的金属仓单告急引发逼仓担忧，工业金属环比上涨。贵金属方面，利率下行预期 叠加白银现货逼仓，贵金属整体走强，然而白银 Back 结构走平，叠加当下市场对 降息预期计价较为充分，投资者应关注波动率放大风险。,"铜：LME 天量可交割库存被注销，全球铜价创历史新高。截至 12 月 5 日，伦铜报收 11,665 美元/吨，周环比上涨 4.38%；沪铜报收 92,780 元/吨，周环比上涨 6.12%。供给 端，本周进口铜矿 TC 下跌至-42.3 美元/吨，根据百川盈孚，智利国家铜业公司对美国 铜矿买家提出超 500 美元/吨的史上最高长单升水，预计 2026 年非美地区供应收紧的 压力急剧上升；需求方面，基本面无明显改善，除固定刚需外，本周下游需求减量明 显；本周二 LME 仓库一笔超过 5 万公吨的铜仓单被注销，这是自 2013 年以来最大规 模的单日操作，截至 12 月 4 日 LME 全球可交割库存已不足 10 万吨，叠加明年供应长 单议价刺激、LME 重现挤仓风险，以及降息预期提升的多重利好冲击，铜价于本周录 得大幅上涨，我们预计下周 FOMC 前后整体市场波动率将大幅上行，留意潜在的鹰派 降息风险。 铝：降息预期上升叠加海外能源价格上涨，铝价震荡走强。截至 12 月 5 日，本周 LME 铝报收 2,901 美元/吨，周环比上涨 1.24%；沪铝报收 22,345 元/吨，周环比上涨 3.40%。 供应端，新疆地区继续释放新投产产能，山西地区开始复产前期检修影响的产能，本 周中国电解铝行业理论开工产能 4417 万吨，较上周增加 3 万吨；需求端，本周铝板带 箔企业产能利用率环比持平，铝棒产能利用率环比下降 1.61pct，本周电解铝的理论需 求有所下降，本周电解铝社会库存环升 0.64%至 61.27 万吨。本周美国降息预期进一步 上升，叠加俄乌和平协定受阻原油价格反弹推动外盘铝价上涨，后续进一步观察需求 落地情况及海外能源价格扰动情况。 黄金：利率下行预期叠加白银现货逼仓，贵金属整体走强。截至 12 月 5 日，COMEX 黄金收盘价为 4227.70 美元/盎司，周环比下跌 0.67%，SHFE 黄金收盘价为 961.04 元/ 克，周环比上涨 0.75%。美国 11 月 ISM 制造业 PMI 录得 48.2%，低于预期的 49%；美 国 11 月 ADP 就业人数减少 3.2 万人（预期为增长 1 万人），创 2023 年 3 月以来最大 降幅；美国 9 月核心 PCE 物价指数录得 2.8%，低于预期的 2.9%。本周美国经济数据 构成下周 FOMC 会议美联储理事的核心参考指标，低于预期的劳动力市场人数以及通 胀水平使得 12 月降息预期上行至接近 100%，符合我们在前述 11 月周报中明确表达的 年内进一步降息的判断，贵金属本周受益于利率进一步下调的乐观预期而整体走强。 本周白银走势基本符合我们在前述周报中的核心观点，即 Comex 交割量放大叠加中美 库存快速下行，Back 结构下沪银进入逼仓结构，本周白银价格迎来大幅上涨。当下美 国 12 月降息预期已计价较为充分，沪银 Back 结构走平，投资者需警惕下周 FOMC 鹰 派降息的可能性，预计波动率将有效放大。",美元持续走强；下游需求不及预期。
20240506-东吴证券-东吴证券有色金属行业跟踪周报：工业金属需求呈现内强外弱格局，美元指数回落使得有色金属整体偏强运行.pdf,,,回顾本周行情（5 月 21 日-5 月 24 日），有色板块本周下跌 3.70%，在全部一级行 业中涨幅中等。二级行业方面，周内申万有色金属类二级行业中金属新材料板块下 跌 1.95%，贵金属板块下跌 2.15%，工业金属板块下跌 3.66%，小金属板块下跌 4.56%，能源金属板块下跌 4.64%。工业金属方面，海外降息预期被大幅推迟，目 前 24 年第一次降息被推迟至 11 月，有色金属价格环比回落。贵金属方面，受降息 预期大幅推迟影响，本周黄金价格整体回落，预计短期黄金价格将于 2285-2350 区 间盘整，在美国降息虽迟但到的大背景下，我们认为黄金价格整体上涨趋势仍未改 变，短期调整后仍有上行动力。,"铜：秘鲁铜矿将在 24 年底贡献新增产能，美联储鹰派纪要打击降息预期，海内外铜价 大幅回落。截至 5 月 24 日，伦铜报收 10,334 美元/吨，周环比下跌 3.56%；沪铜报收 84,050 元/吨，周环比下跌 0.24%。供给端，截至 5 月 24 日，本周进口铜矿 TC 均价 1.5 美元/吨；秘鲁 Las Bambas 大型铜矿项目的新矿井今年年底前料能开始采掘作业, 这将给日益紧张的铜市带来一些额外的供应，此外，秘鲁总统博卢阿尔特表示，2024 年目标是生产超过 300 万吨铜；需求方面，铜价在周一创下历史新高，目前下游对价 格接受程度较低，叠加订单表现低迷，原料需求有所缩减，市场交投十分冷清，多数企 业被迫选择减停产。本周初由于受到资金逼空影响，铜价创下历史新高，周三美联储 鹰派纪要大幅推迟降息预期，叠加多头获利了结因素，铜价在本周下半段大幅回落， 预计铜价维持震荡走势。 铝：氧化铝价格高位盘整，海内外铝价冲高回落。截至 5 月 24 日，本周 LME 铝报收 2,658 美元/吨，较上周上涨 1.41%；沪铝报收 20,855 元/吨，较上周下跌 0.67%。供应 端，本周云南地区电解铝企业继续释放复产产能，开工产能 4291.60 万吨，较上周增 加 6.50 万吨，本周电解铝供应增加。需求端，本周铝棒开工率环比增长 0.74%、铝板 带箔开工率环比持平，电解铝的理论需求有所增长。本周周初受到国产铝土矿复工缓 慢、力拓在澳洲氧化铝厂发货受阻的消息面影响，氧化铝价格大幅攀升，海内外铝价 跟随上涨，下半周受到美联储鹰派纪要的影响，铝价高位回落，预计铝价短期维持震 荡走势，长期需进一步观察经济的复苏状况。 黄金：美联储会议纪要释放鹰派信号，海内外黄金大幅回落。本周海内外黄金价格环 比下跌。截至 5 月 24 日，COMEX 黄金收盘价为 2330.60 美元/盎司，周环比下跌 2.11%； SHFE 黄金收盘价为 554.48 元/克，周环比下跌 1.84%。本周，欧元区 5 月 SPGI 制造业 PMI 初值 47.4%，高于预期的 46.2%；美国 5 月 SPGI 制造业 PMI 初值录得 5.09%，高 于预期的 50%；美国 5 月 SPGI 服务业 PMI 初值录得 54.8%，高于预期的 51.3%，创 12 个月以来新高；美国 4 月耐用品订单月率初值录得同比增长 0.7%，高于预期的-0.8%。 本周经济数据表明美国经济数据并未走弱，降息预期大幅推迟。本周美联储公布会议 纪要显示鹰派观点，官员认为联邦基金利率需维持在当前水平更长时间以实现通胀下 降目标，部分官员表明一旦通胀重燃就进一步加息的意愿，根据芝交所利率观察工具， 目前 24 年第一次降息被推迟至 11 月，受降息预期大幅推迟影响，本周黄金价格整体 回落，预计短期黄金价格将于 2285-2350 区间盘整，在美国降息虽迟但到的大背景下， 我们认为黄金价格整体上涨趋势仍未改变，短期调整后仍有上行动力。",美元持续走强；下游需求不及预期。
20210221-东吴证券-东吴证券有色金属行业跟踪周报：继续看好稀土、铜、铝.pdf,1）疫情导致的宽松货币政策主基调不变，关注贵金属回调后机 会。美财刺激政提升通胀预期，地缘政治风险持续、中东局势动荡凸显贵 金属配置价值。标的关注龙头赤峰黄金、紫金矿业等；2）国内宏观经济持 续复苏，看好工业金属。标的首选云南铜业、云铝股份；3）长期看好新能 源板块。新能源汽车产销持续走强，拉动锂电上游材料需求，锂电铜箔价 格近一个月涨幅近 10%，关注超华科技、嘉元科技、诺德股份；锂钴需求 高速增长，随着供给端收缩，库存不断去化，标的天齐锂业、赣锋锂业、 华友钴业。4）下游 5G、军工等逆周期领域逐步发力，上游材料迎来需求 爆发及业绩兑现。关注博威合金、楚江新材、宝钛股份、西部超导、应流 股份等。,,本周沪深 300 指数上涨 5.39%，有色金属（申万）指数上涨 20.16%。铜、铝、铅锌、黄金、小金属、金属新材料涨幅分别为 31.04%、 18.47%、19.78%、26.84%、20.35%和 15.28%。个股涨幅前五的公司为西部 矿业、章源钨业、盛和资源、江西铜业和吉翔股份,基本金属：本周铜价持续冲高，市场消费明显走软；本周铝价大幅上扬， 市场整体供需双弱；本周铅价高位震荡，贸易商报价较少；本周锌价短 期大幅上涨，近端供给紧张仍存在，预计锌价维持偏强震荡；本周锡价 刷新高点，市场流通现货偏紧，成交有限，呈现有价无市局面，预计短 期锡价或将偏强震荡运行。  贵金属：本周黄金价格先下行，本周市场对美国 1.9 万亿美元经济刺激 计划的乐观情绪升温，以及通胀预期上升，结合美元走强，令黄金多头 面临多重打击。  稀土：本周稀土市场主流产品价格整体偏强运行，目前以恢复生产为主， 接单情绪较低，主动报价较少，部分捂货看涨暂无报价，市场现货报出 有限，观望氛围较浓。  小金属新材料：本周镁锭市场盘整向好；锰矿市场表现一般，下游采购 还未集中展开；电解锰市场市场交投氛围较为安静，缺乏活跃度，多处 于观望状态；钒市涨势较猛。  锂钴：本周碳酸锂价格持稳；本周氢氧化锂价格持稳；本周电解钴现货 价格上涨；四氧化三钴报价大幅上调，下游询单减少。,经济增长不及预期；美国流动性转向。
