report_id,投资建议,行业观点,行情回顾,行业跟踪,风险提示
20230723-东吴证券-东吴证券有色金属行业跟踪周报：加息周期已至尾声，看好黄金配置机会.pdf,,,回顾本周(7.17~7.21)行情，有色板块本周下跌 1.58%，在全部一级行业 中涨幅偏后。二级行业方面，贵金属板块上涨，工业金属、能源金属、 小金属、金属新材料板块下跌。工业金属方面，美国就业市场强劲表现 推动美元指数上涨，本周工业金属价格普遍下跌，预计后续价格震荡运 行。贵金属方面，市场普遍认为美联储加息已至尾声，7 月 26 日将是本 轮周期最后一次加息，之后 3-4 个月内无重大利空。受此影响，黄金价 格上涨，预计后续价格波动上升。,"铜：国内经济数据不佳，市场情绪打压下铜价有所回调。本周伦铜报收 8,458 美元/吨，周环比下跌 2.87%；沪铜报收 68,720 元/吨，周环比下跌 0.82%。供应端，7 月虽仍有多家冶炼厂检修减产，但影响较 6 月有所减少， 据 SMM 预计 7 月电解铜产量为 90.21 万吨，供应保持相对宽松。需求端， 下游处于传统消费淡季，叠加本周国内经济数据不佳，市场情绪遇冷，铜 价有所回调。往后看，国内消费复苏动能仍偏弱，但消费短期大幅转弱概 率也较小，继续等待后续政策刺激，预计铜价维持区间震荡。 铝：电解铝企业继续复产，下游需求未见明显好转。本周 LME 铝报收 2,193 美元/吨，较上周下跌 3.94%；沪铝报收 18,320 元/吨，较上周上涨 0.11%。 供应端，云南地区电解铝企业稳步复产，电解铝运行产能向上修正，预计 七月下旬将逐步放量。需求端，铝下游消费进入淡季，铝型材、线缆、合 金开工率出现一定幅度下滑。往后看，四川、山东等地出现限电，供给端 或有扰动，后续需进一步观察企业开工情况，预计铝价维持震荡态势。 贵金属：加息周期已至尾声，预计黄金价格波动上升。本周 COMEX 黄金 收盘价为 1,972.10 美元/盎司，较上周上涨 7.10 美元/盎司，周环比上涨 0.36%；SHFE 黄金收盘价为 459.30 元/克，较上周上涨 5.30 元/克，周环 比上涨 1.17%。从之前美国公布的 6 月 CPI 数据来看，整体通胀压力明显 减小，核心通胀压力尚存，23 年下半年的重点可能在于降低核心通胀。目 前，市场普遍认为美联储 7 月 26 日加息已成定局，且这将是本轮加息周 期的最后一次加息。因此黄金后续 3-4 个月内预计无重大利空，市场开始 提前博弈加息周期结束，预计后市贵金属价格波动上升。",美元持续走强；美债违约风险上升；下游需求不及预期。
20250901-东吴证券-东吴证券有色金属行业跟踪周报：美联储独立性遭最大挑战叠加实际利率下行驱动强劲，黄金上行空间广阔.pdf,,,回顾本周行情（8 月 25 日-8 月 29 日），有色板块本周上涨 7.16%，在全部一级行 业中排名靠前。二级行业方面，周内申万有色金属类二级行业中小金属板块上涨 12.02%，金属新材料板块上涨 5.67%，能源金属板块上涨 2.89%，贵金属板块上涨 7.22%，工业金属板块上涨 6.95%。工业金属方面，市场延续美国降息预期临近的 乐观预期，此外中国工业金属需求旺季将至，价格趋势走强。贵金属方面，特朗普 于周内宣布对美联储理事库克任职罢免，此次行动被视为特朗普削弱美联储独立性 的重要尝试，若成功，可能为未来总统干预货币政策开创先例；此外美国通胀数据 自 4 月以来保持温和上行态势，但随着鲍威尔于全球央行年会释放对就业数据走弱 的担忧，我们认为当下通胀幅度并不会减缓联储后续的降息步伐，实际利率的快速 下行阶段到来，看好黄金新一轮上涨空间。,"铜：9 月国内电解铜面临检修压力，关注“金九银十”落地情况。截至 8 月 29 日，伦 铜报收 9,902 美元/吨，周环比上涨 1.08%；沪铜报收 79,410 元/吨，周环比上涨 0.91%。 供给端，截至 8 月 29 日，本周进口铜矿 TC 下跌至-41 美元/吨，Codelco 周一宣布，其 正逐步重启安第斯北部和迪亚曼特区域，但雷科雷苏纳和安第斯伊塔部门仍处关闭状 态，同时将今年铜产出目标下调至 134-137 万吨，随着 9 月国内铜冶炼厂大规模检修， 供给面临紧缺；需求方面，本周铜杆、铜线缆消费仍无起色，但在“金九银十”旺季预 期下，市场对消费边际改善持谨慎乐观态度。宏观层面，本周延续了鲍威尔在上周周 五在全球央行年会上释放“鸽派”信号后的乐观情绪，美国 PCE 数据温和上行并未改 变整体降息预期，预计后续仍具备上行动力，需跟踪需求端“金九银十”的落地情况。 铝：中上游持续累库，留意需求旺季的验证情况。截至 8 月 29 日，本周 LME 铝报收 2,619 美元/吨，较上周下跌 0.11%；沪铝报收 20,740 元/吨，较上周上涨 0.53%。供应 端，广西地区复产持续，本周中国电解铝行业理论开工产能达到 4403.50 万吨，较上周 增加 1 万吨；需求端，本周铝板带箔企业产能利用率环比持平，铝棒产能利用率环比 上升0.21pct，本周电解铝的理论需求有所上升。本周电解铝社会库存环增4.09%至62.28 万吨，铝棒社库环增 8.43%至 12.61 万吨，“弱现实”逻辑持续演绎，我们预计随着宏 观层面乐观情绪的延续，海内外铝价短期震荡偏强，但进一步走高需观察“金九银十” 需求端的落地情况。 黄金：美联储独立性遭最大挑战叠加实际利率下行驱动强劲，黄金上行空间广阔。截 至 8 月 29 日，COMEX 黄金收盘价为 3516.10 美元/盎司，周环比上涨 2.89%；SHFE 黄金收盘价为 785.12 元/克，周环比上涨 1.52%。美国 7 月核心 PCE 物价指数年率录得 2.9%，符合预期，高于预期的 2.8%。美国通胀数据自 4 月以来保持温和上行态势，符 合我们一直对“再通胀”的预期；此外，随着鲍威尔于全球央行年会释放对就业数据走 弱的担忧，我们认为当下通胀幅度并不会减缓联储后续的降息步伐，实际利率的快速 下行阶段到来。8 月 26 日，特朗普罢免援引《美国宪法》第二条以及经修订的《1913 年联邦储备法》，宣布对美联储理事库克任职罢免。此次行动被视为特朗普削弱美联 储独立性的重要尝试，若成功，可能为未来总统干预货币政策开创先例；黄金在本轮 行情中较高比重计价了主权货币的换锚运动，美元信用下行的叙事走的越久则黄金的 溢价越高，中国香港特区政府统计处数据显示，2025 年 7 月中国大陆经香港的净黄金 进口量达到 43.923 吨，环比增长 126.81%，看好黄金新一轮上涨空间。",美元持续走强；下游需求不及预期。
20240107-东吴证券-东吴证券有色金属行业跟踪周报：美国就业市场超预期火热，降息预期有所缓和，工业金属价格表现不佳.pdf,,,回顾本周行情（12 月 18 日-12 月 22 日），有色板块本周上涨 0.57%，在全部一级 行业中涨幅靠前。二级行业方面，周内申万有色金属类二级行业中工业金属板块上 涨 1.70%，能源金属板块上涨 1.00%，小金属板块下跌 0.98%，贵金属板块下跌 1.22%，金属新材料板块下跌 1.37%。工业金属方面，海外利率环境改善，国内存 款利率下调为经济托底，工业金属价格表现良好，预计整体维持震荡行情。贵金属 方面，美国软着陆预期被进一步强化，日本维持宽松利率环境，海内外黄金价格上 涨，预计后续价格维持震荡上行走势。,"铜：供给预期收紧叠加美元下行，铜价环比上涨。本周伦铜、沪铜价格环比上涨。截 至 12 月 22 日，伦铜报收 8,570 美元/吨，周环比上涨 0.53%；沪铜报收 69,040 元/吨， 周环比上涨 0.60%。供给端，本周进口铜精矿 TC 价格持续走跌至 68.5 美元/吨。周 内电解铜供应出现短暂紧张状态。甘肃地震对周边铜炼厂生产并无直接影响, 但由于 西北持续大雪, 运输有所延迟，此外红海危机使得海运费上涨，铜矿供给存在紧缩预 期；需求方面，淡季效应显著，叠加铜价高位震荡，国内去库预期渐弱，后续进口铜陆 续流入市场，垒库预期增强。我们认为目前矿端供应在短期略显短缺、长期供应预期 收紧，而海外利率环境逐步改善，美元的进一步下跌使得铜价压制力量减弱，预计铜 价维持震荡走势。 铝：海外能源供给局势紧张拉动伦铝价格上涨，国内终端消费走强及氧化铝供给扰动 推动沪铝上行。本周 LME 铝报收 2,324 美元/吨，较上周上涨 3.70%；沪铝报收 19,165 元/吨，较上周上涨 2.27%。供应端，本周内蒙古地区电解铝企业投产结束，电解铝行 业供应较上周继续增加。需求端，本周铝棒铝板企业减产为主，铝棒开工率环比减少 0.12%、铝板带箔开工率环比减少 2.91%，主要受到订单数量需求不足影响，电解铝的 理论需求有所回落。本周海外能源供给局势紧张，能源价格的预期上涨推动了伦铝价 格的上行，国内终端需求在年底预期向好，叠加氧化铝价格受到运输困扰上行，沪铝 价格攀升，预计铝价短期维持震荡走势，长期需进一步观察经济的复苏状况。 黄金：美国软着陆预期被进一步强化，日本维持宽松利率环境，海内外黄金价格上涨。 本周 COMEX 黄金收盘价为 2064.50 美元/盎司，周环比上涨 1.51%；SHFE 黄金收盘价 为 479.54 元/克，周环比上涨 0.86%。本周美国第三季度核心 PCE 物价指数年化季率终 值录得 2%，低于预期的 2.3%，前值为 2.3%；美国 11 月 PCE 物价指数年率录得 2.6%， 低于预期的 2.8%，前值为 3%，不及预期的 PCE 表明美国民众消费正在降温，美国截 至 12 月 16 日当周初请失业金人数录得 20.5 万人，超过预期的 21.5 万人，表明美国的 劳动力市场仍具韧性；此外，日本央行宣布将长期利率控制目标上限维持在 1%，把短 期利率维持在负 0.1%的水平，此举促使了美债利率的进一步下降。本周主要经济数据 表明美国在物价指数进一步下降的同时劳动力市场并未萎缩，市场软着陆的预期得到 进一步强化，而日本央行维持了负利率的决议进一步强化了投资者对明年利率环境的 乐观预期，周内海内外黄金价格表现良好，预计短期金属价格受到利率环境的改善与 衰退预期的影响将保持震荡上行走势，长期走势需进一步关注海内外衰退风险。",美元持续走强；下游需求不及预期。
