report_id,投资建议,行业观点,行业跟踪,风险提示
20250615-东吴证券-东吴证券有色金属行业跟踪周报：美元指数下行叠加地缘冲突加剧，黄金录得环比大幅上行.pdf,,,"铜：基本面供需双弱，宏观情绪转冷铜价环比下跌。截至 6 月 13 日，伦铜报收 9,648 美元/吨，周环比下跌 0.24%；沪铜报收 78,010 元/吨，周环比下跌 1.17%。供给端，截 至 6 月 13 日，本周进口铜矿 TC 维持-43.5 美元/吨；艾芬豪矿业公布其位于刚果（金） 的卡莫阿-卡库拉铜矿的卡库拉矿的西段于 6 月 7 日恢复营运，同时下调 2025 年度矿 产铜产量计划从 52—58 万吨至 37—42 万吨；需求方面，传统淡季效应逐步显现，电 线电缆、家电等下游行业订单增速明显放缓。宏观层面，当下 Comex 铜较 LME 铜维 持高溢价主要基于美国商务部的 232 调查，美国需求的前置以及 Comex 的高库存压力 使得调查落地后伦敦与上海的到货压力加大，叠加 5 月全球 PMI 呈现疲软迹象，我们 预计短期铜价维持区间震荡，观察中东战争对全球通胀的影响。 铝：低库存与海外原油价格上行共同作用推升铝价，关注需求下行情况。截至 6 月 13 日，本周 LME 铝报收 2,503 元/吨，较上周上涨 2.10%；沪铝报收 20,440 元/吨，较上 周上涨 1.84%。供应端，青海地区电解铝企业贡献新投产能，中国电解铝行业理论开工 产能达到 4389.00 万吨，较上周增加 2 万吨；需求端，本周铝板带箔企业产能利用率环 比下降 0.23%，铝棒产能利用率环比下降 0.29%，电解铝的理论需求环比下降。本周社 会库存进一步续降至 49.33 万吨，环比下降 8.24%，社库续降支持铝价；此外，中东地 缘冲突有进一步烈化迹象，能源价格上涨将推升海外铝成本；随着消费淡季的来临以 及下游接货情绪转冷，铝价上方空间料将遇到压制，关注需求下行情况与海外能源价 格波动情况。 黄金：美元指数下行叠加地缘冲突加剧，黄金录得环比大幅上行。截至 6 月 13 日， COMEX 黄金收盘价为 3452.60 美元/盎司，周环比上涨 3.65%；SHFE 黄金收盘价为 794.36 元/克，周环比上涨 1.42%。美国经济数据走弱，美元指数进一步下行。 美 国 5 月 CPI 同比上升 2.4%，低于预期的 2.4%；美国 5 月 PPI 同比上升 2.6%，符合预期； 考虑到上周公布的美国 PMI 数据中价格分项的大幅上行，价格的传导机制尚未打通， 经济走弱的迹象已经初见，美元指数于本周短暂跌破 98 关口，周跌 1.09%，支撑黄金 价格上行；中东地缘冲突加剧，避险情绪大幅推升金价。本周伊朗与以色列冲突大幅 加剧，避险情绪大幅推升金价；此外，伊朗威胁将考虑关闭霍尔木兹海峡，该地区承载 全球每年 20%左右的原油运输，若中东地缘冲突进一步恶化导致原油价格上行，我们 预计美国再通胀进程将显著加快，黄金或持续受益于实际利率的下行。",美元持续走强；下游需求不及预期。
20230812-东吴证券-东吴证券有色金属行业跟踪周报：美国CPI反弹弱于预期，强化结束加息预期.pdf,,,"铜：供给宽松而需求未见改善，铜价承压回落。本周伦铜报收 8,295 美元/ 吨，周环比下跌 2.97%；沪铜报收 68,200 元/吨，周环比下跌 1.66%。供应 端，本周粗炼费（TC）维持在 92.80 美元/千吨的高位，铜矿供应维持相对 宽松状态。叠加 8 月国内冶炼厂检修影响减弱，产量预计环比增加。需求 端，下游采购或延续淡季行情，市场对政策出台预期略有落空，基本面支 撑有限，受此影响，本周铜价承压回落。往后看，国内社库下降有利于铜 价，虽下游需求处于季节性淡季，但在刺激政策落地后地产领域需求有望 回升，预计铜价维持震荡。 铝：供给压力逐步显现，铝价小幅下跌。本周伦铝报收 2,179 美元/吨，周 环比下跌 2.70%；沪铝报收 18,425 元/吨，周环比下跌 0.41%。供应端，据 百川盈孚数据，云南省已合计复产 140.6 万吨/年，整体复产进度已近尾声， 供给端压力将逐步显现。消费端，铝棒、铝板带等铝加工产品市场需求稍 有改观，铝箔需求维持稳定，部分钢用脱氧铝杆需求表现较为一般。受此 影响，本周国内铝价承压下跌。往后看，建筑地产有望回暖进而带动下游 开工率回升，但短期开工回升预期较低，后续政策影响需进一步观察追踪， 预计铝价维持震荡态势。 黄金：美国 CPI 反弹弱于预期，强化结束加息预期。本周 COMEX 黄金报 收 1,945.70 美元/盎司，周环比下跌 1.64%；SHFE 黄金报收 455.56 元/克， 周环比上涨 0.26%。美国劳工部 10 日发布数据显示，美国 7 月 CPI 同比上 升 3.2%，结束连续 12 个月回落，环比反弹 0.2 个百分点，这是美国 CPI 连 续两个月保持 0.2%的环比涨幅。不过，剔除波动较大的食品和能源价格 后，美国 7 月核心 CPI 同比上涨 4.7%，创造了 2021 年 10 月以来最低涨 幅。美国 CPI 数据强化了市场对于美联储结束加息的预期。但是，近期非 美发达国家货币相较美元贬值，美元持续走强对金价形成压制，受此影响 本周金价承压回落。我们认为加息已接近尾声，金价有望开启上行周期， 继续看好黄金配置机会。",美元持续走强；美债违约风险上升；下游需求不及预期。
20240506-东吴证券-东吴证券有色金属行业跟踪周报：工业金属需求呈现内强外弱格局，美元指数回落使得有色金属整体偏强运行.pdf,,,"铜：秘鲁铜矿将在 24 年底贡献新增产能，美联储鹰派纪要打击降息预期，海内外铜价 大幅回落。截至 5 月 24 日，伦铜报收 10,334 美元/吨，周环比下跌 3.56%；沪铜报收 84,050 元/吨，周环比下跌 0.24%。供给端，截至 5 月 24 日，本周进口铜矿 TC 均价 1.5 美元/吨；秘鲁 Las Bambas 大型铜矿项目的新矿井今年年底前料能开始采掘作业, 这将给日益紧张的铜市带来一些额外的供应，此外，秘鲁总统博卢阿尔特表示，2024 年目标是生产超过 300 万吨铜；需求方面，铜价在周一创下历史新高，目前下游对价 格接受程度较低，叠加订单表现低迷，原料需求有所缩减，市场交投十分冷清，多数企 业被迫选择减停产。本周初由于受到资金逼空影响，铜价创下历史新高，周三美联储 鹰派纪要大幅推迟降息预期，叠加多头获利了结因素，铜价在本周下半段大幅回落， 预计铜价维持震荡走势。 铝：氧化铝价格高位盘整，海内外铝价冲高回落。截至 5 月 24 日，本周 LME 铝报收 2,658 美元/吨，较上周上涨 1.41%；沪铝报收 20,855 元/吨，较上周下跌 0.67%。供应 端，本周云南地区电解铝企业继续释放复产产能，开工产能 4291.60 万吨，较上周增 加 6.50 万吨，本周电解铝供应增加。需求端，本周铝棒开工率环比增长 0.74%、铝板 带箔开工率环比持平，电解铝的理论需求有所增长。本周周初受到国产铝土矿复工缓 慢、力拓在澳洲氧化铝厂发货受阻的消息面影响，氧化铝价格大幅攀升，海内外铝价 跟随上涨，下半周受到美联储鹰派纪要的影响，铝价高位回落，预计铝价短期维持震 荡走势，长期需进一步观察经济的复苏状况。 黄金：美联储会议纪要释放鹰派信号，海内外黄金大幅回落。本周海内外黄金价格环 比下跌。截至 5 月 24 日，COMEX 黄金收盘价为 2330.60 美元/盎司，周环比下跌 2.11%； SHFE 黄金收盘价为 554.48 元/克，周环比下跌 1.84%。本周，欧元区 5 月 SPGI 制造业 PMI 初值 47.4%，高于预期的 46.2%；美国 5 月 SPGI 制造业 PMI 初值录得 5.09%，高 于预期的 50%；美国 5 月 SPGI 服务业 PMI 初值录得 54.8%，高于预期的 51.3%，创 12 个月以来新高；美国 4 月耐用品订单月率初值录得同比增长 0.7%，高于预期的-0.8%。 本周经济数据表明美国经济数据并未走弱，降息预期大幅推迟。本周美联储公布会议 纪要显示鹰派观点，官员认为联邦基金利率需维持在当前水平更长时间以实现通胀下 降目标，部分官员表明一旦通胀重燃就进一步加息的意愿，根据芝交所利率观察工具， 目前 24 年第一次降息被推迟至 11 月，受降息预期大幅推迟影响，本周黄金价格整体 回落，预计短期黄金价格将于 2285-2350 区间盘整，在美国降息虽迟但到的大背景下， 我们认为黄金价格整体上涨趋势仍未改变，短期调整后仍有上行动力。",美元持续走强；下游需求不及预期。
