report_id,投资建议,行业观点,行情回顾,行业跟踪,风险提示
20250525-东吴证券-东吴证券有色金属行业跟踪周报：关税政策反复叠加美债拍卖遇冷，美国财政恶化驱使黄金价格再度走牛.pdf,,,回顾本周行情（5 月 19 日-5 月 23 日），有色板块本周上涨 1.26%，在全部一级行 业中排名中等。二级行业方面，周内申万有色金属类二级行业中贵金属板块上涨 5.58%，工业金属板块上涨 1.86%，能源金属板块上涨 0.36%，小金属板块下跌 1.90%，金属新材料板块下跌 2.60%。工业金属方面，关税政策反复叠加美债拍卖 遇冷，宏观情绪回落致工业金属环比走弱。贵金属方面，特朗普再度威胁欧盟增加 50%关税，美众议院通过大规模减税法案，美国联邦预算问责委员会预计该法案将 令美国国债激增 3 万亿美元以上美国财政恶化驱使黄金价格再度走牛。,"铜：矿端事故再起，全球铜精矿供应偏紧趋势不变为铜价托底。截至 5 月 23 日，伦铜 报收 9,614 美元/吨，周环比上涨 1.76%；沪铜报收 77,790 元/吨，周环比下跌 0.45%。 供给端，截至 5 月 23 日，本周进口铜矿 TC 维持-43 美元/吨，全球铜精矿供应偏紧趋 势不变，但国内铜矿港口库存保持增长，国内冶炼厂短期内未受原料供给问题影响产 量；本周紫金矿业旗下刚果（金）卡莫阿—卡库拉铜矿的卡库拉矿段接连发生多次矿 震，受此影响该选矿厂将维持较低产能运行；需求方面，随着年初以来抢装潮结束，以 及基建端的疲软，消费淡季或提前到来。本周关税政策再起反复，此前乐观情绪有所 退散，我们预计在当下供需双弱的背景下，铜价维持区间震荡的概率较大。 铝：几内亚铝土矿矿区停产致氧化铝价格大幅上行，原铝社库续降为价格托底。截至 5 月 23 日，本周 LME 铝报收 2,466 元/吨，较上周下跌 0.62%；沪铝报收 20,155 元/吨， 较上周上涨 0.12%。供应端，广西、西川电解铝企业小幅复产，本周电解铝行业理论运 行产能 4386.50 万吨，较上周增加 2 万吨；需求端，本周铝板带箔企业产能利用率环比 提升 0.05%，铝棒产能利用率环比提升 0.05%，电解铝的理论需求有所提升。本周社会 库存进一步续降至 58.76 万吨，环比下降 5.13%，社库的持续降低为沪铝托底，但随着 消费淡季的来临以及海外宏观情绪的回落，铝价上行空间有限；继上周五几内亚 Axis Minérales 矿区被政府要求停产后，本周该矿区已被规划为战略储备区，短期复产概率 低，氧化铝价格受此影响大幅上行，预期短期 3000 元/吨将成为有效支撑。 黄金：关税反复叠加美债拍卖遇冷，美国财政恶化驱使黄金价格再度走牛。截至 5 月 23 日，COMEX 黄金收盘价为 3357.70 美元/盎司，周环比上涨 4.75%；SHFE 黄金收盘 价为 780.10 元/克，周环比上涨 3.76%。美国 5 月 SPGI 制造业与服务业 PMI 均录得超 预期增长，其中新增订单增速同比大幅增长的同时，出口订单连续第二个月萎缩，价 格收取分项指数初值创 2023 年 4 月份以来新高，关税对供给的影响正在逐步显现；此 外，美国总统特朗普于本月 23 日威胁自 6 月 1 日起对欧盟商品直接征收 50%关税，关 税的反复进一步削弱市场偏好。5 月 16 日，基于对美国债务水平的担忧，国际评级 巨头穆迪宣布将美国主权信用评级从最高的 Aaa 下调至 Aa1；此外 5 月 21 日，美国 20 年美债拍卖遇冷，投标倍数从 4 月份的 2.63 倍下滑至 2.46 倍，最终得标利率为 5.047%， 环比提升了约 24 个基点，创下去年 12 月以来的最大尾部利差；此外，美众议院通过 大规模减税法案，美国联邦预算问责委员会预计该法案将令美国国债激增 3 万亿美元 以上。我们认为美国财政前景的恶化进一步削弱的美元信用，驱使黄金价格再度走牛； 而关税对实体经济的影响有望于 6-7 月逐步显现，当下仍是较好的左侧布局时点。",美元持续走强；下游需求不及预期。
20250511-东吴证券-东吴证券有色金属行业跟踪周报：市场延续上周非农交易，美联储鹰派发言压制工业金属上行空间.pdf,,,回顾本周行情（5 月 5 日-5 月 9 日），有色板块本周上涨 1.99%，在全部一级行业 中排名中等。二级行业方面，周内申万有色金属类二级行业中贵金属板块上涨 1.31%，工业金属板块上涨 0.88%，能源金属板块上涨 2.42%，金属新材料板块上 涨 5.46%，小金属板块上涨 4.74%。工业金属方面，周初市场依旧跟随上周五超预 期的美国大非农数据运行，工业金属价格整体有所上涨；5 月 8 日美联储 FOMC 会 议，鲍威尔在宣布利率维持不变的同时再次重申了联储对于后续数据的依赖性，美 元指数与美债利率短线走强，工业金属价格回落。贵金属方面，本周美国总统特朗 普宣布美英达成贸易协定；此外中美宣布将于瑞士展开首次贸易谈话。随着关税局 势的日益缓和，以及美国经济数据依旧维持韧性，黄金仍处于回调整固阶段，我们 预计随着关税对经济的影响逐步显现，金价仍有进一步上行潜力。,"铜：库存续降海内外铜价环比上涨，美元短线走强制约铜价上行空间。截至 5 月 9 日， 伦铜报收 9,446 美元/吨，周环比上涨 0.85%；沪铜报收 77,450 元/吨，周环比上涨 0.30%。 供给端，截至 5 月 9 日，本周进口铜矿 TC 进一步下跌至-42.5 美元/吨，铜精矿供应持 续紧张；根据百川盈孚，艾芬豪-紫金矿业旗下卡莫阿铜矿 4 月产量达 5 万吨，再创历 史新高；需求方面，五一节后下游整体补库积极性有所下降，随着光伏抢装潮结束，线 缆新增订单量有所减弱。本周市场延续上周超预期的美国非农数据进行交易，海内外 铜价录得环比上涨，然而由于美国对铜 232 调查临近尾声，以及鹰派联储催化美元指 数走强，我们预计铜价进一步上行空间有限，需进一步关注中美贸易会谈成果及后续 经济情况。 铝：社会库存维持去化，然市场仍担忧抢装结束后需求坍缩，铝价震荡走弱。截至 5 月 9 日，本周 LME 铝报收 2,418 元/吨，较上周下跌 0.58%；沪铝报收 19,585 元/吨，较上 周下跌 1.63%。供应端，本周电解铝行业理论运行产能 4383.50 万吨，较上周持稳；需 求端，本周铝板带箔企业产能利用率环比增长 0.33%，山东及内蒙铝棒企业本周增产 铝锭并减产铝棒，铝棒产能利用率环比下降 0.72%，电解铝的理论需求无明显变化。本 周社会库存进一步续降至 65.29 万吨，环比下降 3.13%；随着光伏抢装逐步结束，后续 需求存在萎缩可能性，此外市场关注中美贸易谈判，下游接货趋于谨慎，预计电解铝 价格震荡偏弱整理。 黄金：美英贸易协定落地叠加联储鹰派言论，黄金冲高后继续回调盘整。截至 5 月 9 日，COMEX 黄金收盘价为 3329.10 美元/盎司，周环比上涨 2.52%；SHFE 黄金收盘价 为 788.42 元/克，周环比上涨 0.42%。本周经济数据并无显著驱动效应，周初随着俄乌 冲突及中东冲突的激化，以及巴基斯坦和印度局势升级，避险情绪推升金价；5 月 8 日 美联储 FOMC 会议，鲍威尔在宣布利率维持不变的同时再次重申了联储对于后续数据 的依赖性，美元指数与美债利率短线走强，黄金短线有所回调。本周贸易局势，美国总 统特朗普宣布美英达成贸易协定；此外中美宣布将于 5 月 9 号至 12 号于瑞士展开首次 贸易谈话。贸易局势的缓和短暂压低金价，然而市场尚未对此表现出乐观情绪，其一 英国作为美国的贸易顺差国，在协定的敲定方面不具备极高的难度；其二中美此次会 谈双边高层均未表现出较为迫切达成协定的对外意愿表达，市场对此仍处于观望阶段。 随着关税局势的日益缓和，以及美国经济数据依旧维持韧性，黄金仍处于回调整固阶 段，我们预计随着关税对经济的影响逐步显现，金价仍有进一步上行潜力。",美元持续走强；下游需求不及预期。
20251018-东吴证券-东吴证券有色金属行业跟踪周报：中美贸易摩擦局势升级推升避险情绪，贵金属价格伴随波动率放大续创新高.pdf,,,回顾本周行情（10 月 13 日-10 月 17 日），有色板块本周下跌 3.07%，在全部一级 行业中排名第一。二级行业方面，周内申万有色金属类二级行业中工业金属板块下 跌 3.60%，小金属板块下跌 3.84%，金属新材料板块下跌 3.05%，贵金属板块上涨 3.19%，能源金属板块下跌 5.24%。工业金属方面，本周美国持续加码对华商品出 口管制，叠加中国对美籍船舶征费，APEC 会议前中国贸易争端有进一步烈化倾向， 工业金属价格整体震荡偏弱。贵金属方面，本周中美贸易摩擦局势升级推升避险情 绪，贵金属价格续创新高，但基于波动率快速放大背景下，警惕短期由于美国政府 重启或中美关税争端缓和导致的回调风险。,"铜：基本面供需双弱，中美地缘摩擦升级压制风险偏好，铜价震荡偏弱。截至 10 月 17 日，伦铜报收 10,607 美元/吨，周环比上涨 2.25%；沪铜报收 84,390 元/吨，周环比下 跌 1.77%。供给端，截至 10 月 17 日，本周进口铜矿 TC 上行至-40.5 美元/吨，本周国 内两家冶炼厂正式进入检修周期，市场供应量再度缩减；力拓三季度铜产量飙升 10% 至 20.4 万吨；需求方面，9 月中国新能源汽车产销 161.7 万和 160.4 万辆，环比增 16% 和 15%；国庆假期后高价铜限制下游需求，国内社库小幅累库；宏观层面，本周中美 关税摩擦升级，市场风险偏好有所下行，但利率市场现已完全定价年内美联储尚有两 次降息预期，铜价短期将维持高位震荡走势，留意后续中美进一步表态。 铝：地缘局势扰动致短期价格波动，铝价高位盘整下游接货情绪好转。截至 10 月 17 日，本周 LME 铝报收 2,779 美元/吨，周环比上涨 1.18%；沪铝报收 20,910 元/吨，周 环比下跌 0.33%。供应端，本周中国电解铝行业无增减产行为，理论开工产能达到 4413.50 万吨；需求端，本周铝板带箔企业产能利用率环比持平，铝棒产能利用率环比 上升0.14pct，本周电解铝的理论需求有所上升，本周电解铝社会库存环降1.98%至62.98 万吨。本周随着中美地缘局势紧张，铝价震荡偏弱，随着铝价高位盘整，下游接货上接 纳情绪有所改善，预计铝价维持 20000-21000 区间震荡，后续进一步观察需求端的落 地情况以及中美两国后续 APEC 会谈前后表态。 黄金：中美贸易摩擦局势升级推升避险情绪，贵金属价格伴随波动率放大续创新高。 截至 10 月 17 日，COMEX 黄金收盘价为 4276.90 美元/盎司，周环比上涨 5.76%；SHFE 黄金收盘价为 999.80 元/克，周环比上涨 10.90%。美国 10 月费城联储制造业指数录得 -12.8，大幅低于预期的 9，前值为 23.2，由于美国联邦政府继续停摆，多数经济数据停 止公布，市场交易转向中美新的贸易争端，本周美国持续加码对华商品出口管制，叠 加中国对美籍船舶征费，APEC 会议前中国贸易争端有进一步烈化倾向，市场整体避险 情绪上升从而大幅推涨贵金属价格。本轮贵金属波段行情的两大逻辑：1）实际利率快 速下行；2）欧洲财政端压力及美元信用危机在中期角度仍逻辑通畅，短期贵金属快速 上行的同时整体波动率也在快速放大，警惕短期由于美国政府重启或中美关税争端缓 和导致的回调风险。",美元持续走强；下游需求不及预期。
