report_id,投资建议,行业观点,行情回顾,行业跟踪,风险提示
20210516-东吴证券-东吴证券有色金属行业跟踪周报：能源金属持续看好，基本金属短期波动.pdf,投资建议：看好碳中和及流动性推动的有色金属机会。全球流动性充裕、 疫情恢复后经济复苏，叠加碳中和背景下大宗商品供给天花板，我们判断 有色整体进入需求和流动性共振的上升期：1）持续看好强周期的工业金属 铜、铝、锌，特别是受益碳中和的电解铝行业，关注神火股份、云铝股份、 索通发展、紫金矿业等。2）回调不改看好新能源上游材料，锂、钴、铜箔、 稀土、磁材需求高增长消化估值，关注北方稀土、盛和资源、金力永磁、 天齐锂业、赣锋锂业、诺德股份等。,行业观点：随着上周美国 ppi、cpi 数据持续走高再次抬升通胀预期，以及 国常会总理喊话大宗商品涨价，市场对宏观调控加剧，并引发金属价格普 遍大幅回调。但中长期看，全球经济复苏趋势仍然较为确定，即使流动性 收紧，传导至实际需求尚需较长时间。关注基本金属回调后的再次配置机 会。新能源材料基本面强劲、价格强势，继续看好。,行情回顾：本周（5.10-5.14）沪深 300 指数上涨 2.09%。有色金属（申万） 指数下跌 2.62%。铜、铝、铅锌、黄金、小金属、金属新材料涨幅分别为4.66%、-1.43%、-0.43%、-4.06%、-1.89%和-1.34%。个股涨幅前五的公司 为博迁新材、*ST 丰华、银泰黄金、*ST 金贵、合金投资。,基本金属：  铝：周初铝价冲破 2 万关口，周中铝价遇阻出现回调，临近周末， 铝价连续回落，持货商出货意愿提升，下游企业少有备货，市场表 现活跃。  铜：本周铜价自高位回落。中国铜库存持续累积，高铜价之下下游 消费情绪谨慎。下半年通货膨胀压力增加，财政货币政策宽松存在 提前退出可能，同时基本面铜精矿和废铜供给增加的影响将会逐步 显现，铜价下行风险较大。  铅锌：本周锌价跟随有色价格回落，下跌幅度逐日收窄，体现低加 工费下锌价下面的支撑较强。本周铅锭现货交易整体表现谨慎。  贵金属：本周黄金价格先涨后跌。中印黄金需求强劲令黄金受到提振。 美债收益率及美元双双回升，阻断黄金上行之势，令其承压下行。  稀土：本周稀土市场主流产品整体报货不多，氧化物整体价格偏弱运行， 镨钕氧化物报出较少，分离厂挺价意愿不高，贸易商低价报货为主；中 重稀土镝铽钆钬价格持续弱稳震荡，磁材对锁少量采购观望为主。  锂：本周碳酸锂价格持稳，氧化锂价格小涨。四川厂家龙头市占率继续 攀升，累库时节依旧保持高位挺价。随着库存压力逐月增加，预计二季 度青海地区碳酸锂价格或出现下跌。  钴：本周期货盘短暂带动市场情绪，成交零星，部分企业恢复供应，电 解钴库存承压，价格下跌。4-5 月四氧化三钴累库量逐步增多，数码 3C 下游采购依旧清淡，订单减弱，四氧化三钴价格下行。  小金属新材料： 本周镁锭市场价格连续上行，成本端煤价较前期大幅 上涨，镁厂挺价谨慎出货，出厂报价不断上涨。,经济增长不及预期，美国流动性转向。
20251117-东吴证券-东吴证券有色金属行业跟踪周报：美国政府重启缓解流动性担忧，降息预期左右贵金属短期价格走向.pdf,,,回顾本周行情（11 月 10 日-11 月 14 日），有色板块本周上涨 1.07%，在全部一级 行业中排名靠前。二级行业方面，周内申万有色金属类二级行业中贵金属板块上涨 2.77%，能源金属板块上涨 2.47%，工业金属板块上涨 1.56%，小金属板块下跌 1.42%，金属新材料板块下跌 3.22%。工业金属方面，美国政府重启缓解流动性担 忧，工业金属震荡偏强，但在产业旺季末期，以及工业金属价格高位震荡背景下， 进一步的上行空间将依赖于海内外产业供需逻辑的演绎。贵金属方面，本周美联储 鹰派理事博斯蒂克宣布将于明年一季度退休，市场认为届时鸽派实力将占优，下半 周随着更多理事的“鹰派”言论，降息预期大幅回撤，我们认为当下整体宏观框架 仍属做多窗口期，贵金属中期逻辑依旧通顺，看好回调后后市行情。,"铜：基本面维持供需双弱，美国政府重启推升铜价，关注 12 月降息预期变动情况。截 至 11 月 14 日，伦铜报收 10,846 美元/吨，周环比上涨 1.41%；沪铜报收 86,900 元/吨， 周环比上涨 1.12%。供给端，截至 11 月 14 日，本周进口铜矿 TC 下跌至-42 美元/吨， 根据百川盈孚，智利铜业公司（Codelco）9 月份铜产量比去年同期下降 7.2%，供给端 弱势情况加大；需求方面，基本面无明显改善，铜价高企背景下现货普遍贴水成交；本 周美国政府重启运行，避险情绪有所缓和，铜价重心上移，此外随着本周美联储理事 的频繁鹰派发言，降息预期的下降同样也在压制铜价上行空间，关注下周美国非农就 业数据，预计铜价在盘整后将继续震荡走强。 铝：国内新能源汽车销量占比超 50%叠加海外能源价格续涨，铝价震荡走强。截至 11 月 14 日，本周 LME 铝报收 2,859 美元/吨，周环比上涨 1.41%；沪铝报收 21,840 元/ 吨，周环比上涨 0.99%。供应端，本周中国电解铝行业无增减产行为，理论开工产能维 持 4413.50 万吨；需求端，本周铝板带箔企业产能利用率环比上升 0.03pct，铝棒产能 利用率环比上升 0.5pct，本周电解铝的理论需求有所上升，本周电解铝社会库存环升 0.45%至 62.99 万吨。本周纽约天然气期指续涨 13.83%推动海外铝价上行，国内受到 10 月份新能源汽车月度新车销量首次超过了汽车新车总销量的 50%的消息主动跟涨，当 下沪铝持续增仓上行，短期铝价预计维持震荡偏强走势，后续进一步观察海外能源价 格扰动即需求落地情况。 黄金：美国政府重启缓解流动性担忧，降息预期左右贵金属短期价格走向。截至 11 月 14 日，COMEX 黄金收盘价为 4084.40 美元/盎司，周环比上涨 1.91%，SHFE 黄金收盘 价为 953.20 元/克，周环比上涨 3.47%。美国时间 11 月 12 日，美国总统特朗普签署了 国会两院通过的一项联邦政府临时拨款法案，结束了 43 天的史上最长联邦政府“停 摆”，基于对财政部 TGA 账户无法为市场释放流动性的担忧大幅缓解，贵金属价格于 本周上行；此外美联储“鹰派”理事博斯蒂克于本周三宣布将于 2026 年 2 月 28 日任 期届满时退休，贵金属价格于上半周受此影响迎来大幅上涨。本周下半周多位美联储 理事释放“鹰派”言论，认为在长时间政府“罢工”状态下美国 10 月经济数据面临缺 失，进一步降息缺乏数据支撑，CME 利率观察工具显示美国 12 月降息预期从月初的 95%下行至 50%左右，贵金属价格回调。我们认为在无进一步数据支撑的背景下，联 储进行一定程度的预期管理符合审慎原则，但在 JH 会议后，在通胀无显著上行的基准 情形下，我们认为联储后续降息概率大，整体宏观框架仍属做多窗口期，贵金属中期 逻辑依旧通顺，看好回调后后市行情。",美元持续走强；下游需求不及预期。
20230715-东吴证券-东吴证券有色金属行业跟踪周报：美国通胀超预期回落，看好黄金配置机会.pdf,,,回顾本周行情，有色板块本周上涨 2.34%，在全部一级行业 中涨幅居前。二级行业方面，贵金属、工业金属、能源金属、小金属板 块上涨，金属新材料板块下跌。工业金属、贵金属方面，美国 6 月 CPI 和 PPI 增速下降均超预期，显示抗通胀进一步取得进展，市场对美联储 加息预期有所放缓，本周美债和美元指数承压下跌，受此影响，工业金 属、贵金属价格普遍上涨，预计后续工业金属、贵金属震荡运行。,"铜：通胀降温美元下跌，铜价涨幅明显。本周伦铜报收 8,707 美元/吨，周 环比上涨 5.20%；沪铜报收 69,290 元/吨，周环比上涨 2.48%。供应端，本 周国内电解铜产量 20.33 万吨，与上周持平，整体供应维持相对宽松状态。 需求端，国内经济未见明显改善，下游行业处于传统消费淡季，铜杆、铜 板等加工企业订单较少，此外受铜价上涨影响，下游观望情绪也较为浓厚， 加工企业采买情绪不高。往后看，预计在低库存支撑下后市铜价维持震荡。 铝：电解铝企业继续复产，下游需求未见明显好转。本周 LME 铝报收 2,283 美元/吨，周环比上涨 7.18%；沪铝报收 18,300 元/吨，周环比上涨 2.55%。 供应端，云南地区电解铝企业稳步复产，电解铝运行产能向上修正，预计 七月下旬将逐步放量；四川眉山电解铝有减产预期，但相比于云南大规模 复产不影响短期供应。需求端，处于传统消费淡季，下游铝棒、铝板开工 率环比小幅下降，并有少量减产。本周美元指数下跌带动铝价上涨，预计 后市铝价维持震荡态势。 黄金：加息预期放缓，贵金属价格上行。本周 COMEX 黄金收盘价为 1,965.00 美元/盎司，周环比上涨 2.51%；SHFE 黄金收盘价为 454.00 元/克， 周环比上涨 0.71%。美国 6 月 CPI、PPI 增速回落超预期，显示美联储在控 制通胀方面取得了进展，市场对此也给出了积极回应，普遍预计美联储将 于 7 月末加息 25 个基点，但对之后再度加息的预期大幅减弱。受此影响， 美元的坚挺走势被打破，本周美元指数跌破 100 大关，带动贵金属价格回 升。从当前市场运行逻辑来看，黄金价格仍然受美联储货币政策调整节奏 预期与经济衰退担忧主导，目前市场对于美联储后续停止二次加息的乐观 预期增强，但利率峰值是否到顶仍待进一步观察，预计后市金价震荡偏强 运行。",美元持续走强；美债违约风险上升；下游需求不及预期。
