report_id,投资建议,行业观点,行情回顾,行业跟踪,风险提示
20230916-东吴证券-东吴证券有色金属行业跟踪周报：海内外经济面数据好转，金属价格全面回升.pdf,,,回顾本周行情，有色板块本周上涨 1.16%，在全部一级行业中涨幅靠前。 二级行业方面，周内申万有色金属类二级行业中贵金属板块上涨3.65%， 工业金属板块上涨 1.91%，小金属板块上涨 1.41%，金属新材料板块下 跌 1.17%，能源金属板块下跌 1.17%。工业金属方面，美国 8 月核心 CPI、 PPI 稳步下降，通胀预期温和，海外基本金属价格全线回升，预计后续 工业金属价格震荡运行。贵金属方面，美国经济展现出抗通胀初具成效， 日本央行称将放松 YCC 政策曲线，美元涨势受阻，贵金属价格短线回 升，预计后续价格维持震荡运行。,"铜：库存持续增长，铜价高位运行。截至 9 月 15 日，伦铜报收 8,409 美元 /吨，周环比上涨 2.17%；沪铜报收 69,780 元/吨，周环比上涨 1.50%。供应 端，8 月我国铜矿砂及其精矿进口量创新高，整体供给较为宽松。铜矿 TC 加工费 93.5 美元/吨，较上周增长 1 美元/吨，10 月船期货物即将到来或使 得 TC 价格再度呈现走高趋势，后续需持续关注冶炼厂检修情况与矿山与 港口的发运情况。需求端，地产刺激对需求恢复效果不强，乐观情绪减弱， 长期来看，“认房不认贷”等地产放松政策集中在 8 月底落地，需进一步 观测政策的实际效果，预计铜价维持震荡走势。 铝：复产产能持续释放，铝价小幅上涨。本周 LME 铝报收 2,196 美元/吨， 较上周上涨 0.69%；沪铝报收 19,335 元/吨，较上周上涨 1.95%。库存方面， 本周 LME 库存 49.54 万吨，周环比下降 0.82%；上期所库存 10.47 万吨， 周环比上涨 18.34%。供应端，复产产能持续释放，本周电解铝产量 82.23 万吨，周环比+0.18%。需求端，本周下游铝棒企业的成本继续维持高位， 亏损导致加工企业生产意愿较为低迷，本周铝棒产量 26.62 万吨，周环比0.76%，开工率为 48.77%，周环比-0.23pct，对电解铝理论需求有所回落。 终端需求方面，国家对地产以及汽车方面的政策继续提振市场情绪，预计 未来铝价维持震荡行情。 黄金：美国经济数据显示美国潜在通胀温和上升，核心 CPI、核心 PPI 均 低于前值，黄金价格上涨。本周 COMEX 黄金收盘价为 1,945.60 美元/盎 司，周环比上涨 0.15%；SHFE黄金收盘价为 469.72元/克周环比上涨0.62%。 美国 8 月 CPI 和 PPI 均录得超预期上涨，其中 8 月 CPI 年率未季调录得 3.7%，高于预期的 3.6%，前值为 3.2%；8 月 PPI 年率录得 1.6%，高于预 期的 1.2%，前值为 0.8%。然而剔除了食品和能源后的美国 8 月核心 CPI 及核心 PPI 均较前值回落，其中 8 月核心 CPI 录得 4.3%，符合预期，低于 前值的 4.7%；8 月核心 PPI 年率录得 2.2%，符合预期，前值为 2.4%。美 国整体通胀预期温和升温，在剔除因俄罗斯和沙特宣布延长原油减产期限 而导致的原油上涨后，美国降低通胀的努力取得进展。本周主要经济数据 均指向美国整体通胀预期温和可控，美元受到日本央行将适度放松 YCC政 策曲线的影响，涨势受阻，本周黄金价格上涨，预计未来金价震荡运行。",美元持续走强；美债违约风险上升；下游需求不及预期。
20210815-东吴证券-东吴证券有色金属行业跟踪周报：坚定看好工业金属、能源金属、稀土金属三大主线.pdf,投资建议：继续推荐有色金属板块。疫情后全球经济复苏，碳中和大背景 下供给天花板、新能源需求高景气，有色金属板块整体进入供需结构持续 向好的阶段：1）持续看好强周期的工业金属铜、铝、锌，特别是受益碳中 和的电解铝行业，关注神火股份、云铝股份、索通发展、紫金矿业等。2） 坚定看好新能源上游材料，锂、钴、稀土永磁需求高增长消化估值，推荐 华宏科技、包钢股份、盛和资源、金力永磁、永兴材料，关注宁波韵升、 北方稀土、盐湖股份、天齐锂业、赣锋锂业、江特电机等。3）其它优质新 材料个股，建议关注博威合金、三祥新材、铂科新材等。,行业观点：南方电网广西公司要求省内电解铝厂进一步降电负荷 30%，涉 及影响产能近 30 万吨；今年以来共有 5 个省份的电解铝企业受限电影响 减产，涉及影响产能占全国建成年产能近 4%。在电荒持续，电解铝消费持 续旺盛的情况下，我们认为铝价仍将强势运行。此外，宁德时代发布 582 亿元定增预案，反映出下游需求的高景气，同样也将对上游的锂、钴、铜 箔、铝箔等材料产生较大的需求拉动。,行情回顾：本周（8 月 09 日-8 月 13 日），沪深 300 指数上涨 0.50%，收 于 4946 点。有色金属（申万）指数上涨 2.68%，收于 6087 点。有色金 属细分子行业中，按申万三级指数：铜、铝、铅锌、黄金、小金属、金 属新材料分别收于 662、832、568、1009、1683 和 1421 点，涨幅分别 为-3.66%、10.89%、10.06%、5.43%、-2.12%、4.48%。个股涨幅前五的 公司为神火股份、宁波韵升、湖南黄金、合盛硅业、西藏珠峰。,"基本金属：  铝：本周铝价继续拉涨,站上两万关口。  铜：本周铜价回落后反弹，依旧是多头增仓主导市场，供应端最大 危机解除。  铅锌：周内还原铅紧张局势未改；锌锭方面库存小幅累库持续，各 地锌锭现货升水收窄，出货交投变化不大。  贵金属：融资市场充斥着大量现金，利空黄金。  稀土：轻稀土镨钕产品现货偏紧，分离企业挺价意愿尚存，贸易商受 情绪影响部分变现；中重稀土市场整体询盘较少，分离企业报价较少 观望为主，下游刚需采购，中重稀土产品短期弱稳为主。  锂：本周氢氧化锂价格小幅上涨，供应端部分冶炼厂仍处检修期，产 量影响明显。  钴：本周电解钴现货价格下跌，电解钴与硫酸钴价差增加。  小金属新材料：本周钒市承压明显，出货厂家增多，直接导致价格再度 下调；",经济增长不及预期，美国流动性转向。
20231015-东吴证券-东吴证券有色金属行业跟踪周报：地缘政治风险引发避险情绪，黄金价格上涨.pdf,,,回顾本周行情（10 月 9 日-10 月 13 日），有色板块本周上涨 0.47%，在 全部一级行业中涨幅靠前。二级行业方面，周内申万有色金属类二级行 业中能源金属板块上涨 4.59%，小金属板块下跌 0.11%，金属新材料板 块下跌 0.11%，贵金属板块下跌 0.38%，工业金属板块下跌 0.95%。工 业金属方面，本周主要经济数据表明美国通胀压力持续，美元上涨，周 内海外工业金属价格全线回落，预计短期金属价格受风险偏好影响将承 压，整体维持震荡行情。贵金属方面，地缘政治风险上升，避险情绪浓 厚，贵金属价格短线上涨，预计后续价格维持震荡运行。,"铜：LME 铜持续累库，高库存叠加铜 24 年过剩预期，铜价承压。截至 10 月 13 日，伦铜报收 7,938 美元/吨，周环比下跌 1.33%；沪铜报收 66,470 元 /吨，周环比下跌 1.15%。供给端，本周进口铜精矿 TC 价格小幅下跌至 93.5 美元/吨，维持偏弱局势，基本面维持稳定。国际铜研究组织(ICSC)本周在 里斯本召开会议后表示，预计到 2024 年，产量将超过使用量 46.7 万吨， 与该集团 4 月份上次会议时预计的 29.7 万吨盈余大幅上调；需求端，节后 下游小幅补库后，由于铜价持续震荡走弱，使得市场看跌情绪较浓，遂备 货采买相对谨慎。长期来看，铜价受制于海外需求放缓以及 LME 持续累 库，叠加经济数据超预期，加息预期再次抬头，预计铜价维持震荡走势。 铝：中国经济缓慢复苏，地缘政治风险削弱整体风险偏好，海内外铝价承 压。截至 10 月 13 日，LME 铝报收 2,190 美元/吨，较上周下跌 2.32%；沪 铝报收 18,940 元/吨，较上周下跌 2.60%。供应端，本周电解铝行业开工继 续持稳，运行产能增速明显放缓，供应较上周保持不变；需求端，本周下 游铝棒铝板企业减复产不一，其中铝棒企业较上周增产运行，产量 26.1 万 吨，周环比上升 0.28%，铝板企业较上周减产运行，铝板带箔产量 19.7 万 吨，周环比减少 0.55%。长期来看，9 月中国经济数据显示温和复苏仍在继 续，但力度减弱，我们预计铝价在短期受制于美元对商品价格的压制，中 期关注地缘政治的影响发展，长期随着制造业的回暖，未来铝价维持震荡 行情。 黄金：美国 9 月 CPI、PPI 均超出预期，地缘政治风险加剧导致避险情绪 浓厚，Comex 黄金价格大幅上涨。截至 10 月 13 日，COMEX 黄金收盘价 为 1,945.90 美元/盎司，周环比上涨 5.35%；SHFE 黄金收盘价为 454.92 元 /克，周环比下跌 1%。本周，美国 9 月份 PPI 同比增长 2.2%，高于预期的 1.6%；美国 9 月份 CPI 同比增长 3.7%，高于预期的 3.6%。此外，中东地 缘政治风险进一步加剧，避险情绪浓厚，市场对战争波及产油国的担忧加 剧了对通胀持续性的担忧，美元在下半周重回涨势。本周主要经济数据表 明美国通胀压力仍存， 地缘政治风险加剧，避险情绪使得黄金大幅上涨， 后续需密切关注地缘政治风险是否会波及产油国节以及 CPI、PPI 的超预 期是否具备持续性，预期整体维持震荡行情。",美元持续走强；下游需求不及预期。
