report_id,投资建议,行业观点,行情回顾,行业跟踪,风险提示
20231007-东吴证券-东吴证券有色金属行业跟踪周报：美债长端利率突破4.8%，金属价格短期承压.pdf,,,回顾本周行情（9 月 25 日-9 月 28 日），有色板块本周下跌 2.18%，在 全部一级行业中涨幅靠后。二级行业方面，周内申万有色金属类二级行 业中金属新材料板块上涨 0.11%，贵金属板块下跌 1.78%，能源金属板 块下跌 1.90%，小金属板块下跌 1.97%，工业金属板块下跌 2.82%。工 业金属方面，本周主要经济数据表明美国劳动力市场依旧火热，美元上 涨，周内海外工业金属价格全线回落，预计短期金属价格受风险偏好影 响将承压，整体维持震荡行情。贵金属方面，美元上涨叠加十年期美债 收益率攀升，贵金属价格短线承压，预计后续价格维持震荡运行。,"铜：LME 铜持续累库叠加海外加息风险回升，铜价承压。截至 10 月 6 日， 伦铜报收 8,045美元/吨，周环比下跌 2.78%；截至 9 月 28 日沪铜报收 67,240 元/吨，周环比下跌 1.85%。供给端，9 月 22 日 CSPT 召开季度会议，敲定 2023 年第四季度铜精矿现货 TC 指导价为 95 美元/干吨，较第三季度持平。 铜精矿现货 TC 维持偏弱局势，基本面维持稳定；需求端，铜价下跌叠加 节前备货行情，消费需求略有好转，转精铜杆方面铜价下跌精废差收缩， 企业端备货较为积极，开工率大幅回升。长期来看，铜价受制于海外需求 放缓以及 LME 持续累库，叠加美国大非农数据超预期，加息预期再次抬 头，预计铜价维持震荡走势。 铝：中国制造业 PMI 回暖、沪铝库存大幅下降，海内外铝价涨跌不一。截 至 10 月 6 日， LME 铝报收 2,242 美元/吨，较上周下跌 4.58%；截至 9 月 28 日，沪铝报收 19,445 元/吨，较上周上涨 0.18%。库存方面，本周 LME 库存 47.99 万吨，周环比上涨 2.39%；上期所库存 7.92 万吨，周环比下降 12.29%。供应端，复产后产能稳定，内蒙古地区尚有新投产产能等待释放， 但本周暂无进展；需求端，光伏型材生产商开工率维持高位，但建筑型材 板块未见明显起色，铝棒、铝板企业需求不佳，订单不足，中间加工企业 有所减产，对电解铝的需求有所回落。长期来看，9 月中国制造业低位企 稳，PMI 录得 50.2，超过预期的 50，前值为 49.7，我们预计铝价在短期受 制于美元对商品价格的压制，长期随着制造业的回暖，未来铝价维持震荡 行情。 黄金：美国 9 月大非农显著超预期，十年期美债利率突破 4.8%，美元走 高触及 107，黄金价格全线回落。截至 10 月 6 日，COMEX 黄金收盘价为 1,847.00 美元/盎司，周环比下跌 0.94%；SHFE 黄金收盘价为 459.50 元/克， 周环比下跌 2.42%。9 月美国新增大非农数据录得 33.6 万人，显著高于预 期的 17 万人，前值为 22.7 万人。大非农的超预期数据反映出美国劳动力 市场仍旧火热，此外，美国 8 月 JOLTs 职位空缺人数录得 961 万人，远高 于预期的 880 万人，前值为 892 万人，该数据推升了美联储在今年 11-12 月继续加息的预期，美元指数在本周冲上 107 关口，打压了全球风险资产 的持有信心。本周主要经济数据表明美国劳动力市场持续紧缺，长端美债 收益率一度站上 4.8%，周内黄金价格全线回落，预计短期黄金价格受风险 偏好影响将承压，预期整体维持震荡行情。",美元持续走强；下游需求不及预期。
20230701-东吴证券-东吴证券有色金属行业跟踪周报：美联储加息预期强化，商品价格承压下跌.pdf,,,回顾本周行情，有色板块本周上涨 0.85%，在全部一级行业 中涨幅居中。二级行业方面，金属新材料、小金属、工业金属、贵金属 等板块上涨，能源金属板块下跌。工业金属方面，美联储主席鲍威尔表 示今年至少还有两次加息，不排除连续加息的可能性。此外，美国劳工 部 6 月 29 日公布的数据显示美国就业数据明显好于预期，在一定程度 上也支撑了鲍威尔的观点。受此影响，本周美元指数大幅反弹，工业金 属价格承压回落。,"铜：国内精铜下游需求转弱，铜价承压下跌。本周伦铜报收 8,173 美元/吨， 周环比下跌 4.73%；沪铜报收 67,300 元/吨，周环比下跌 2.36%。供应端， 海外铜矿供应稳定，国内精铜供应微增，整体供应维持相对宽松状态。需 求端，国内经济较为疲弱，建筑和房地产行业处于淡季，下游观望情绪浓 厚，精铜消费保持谨慎。本周美元指数反弹，叠加国内经济复苏动能偏弱， 以及跨季存在一定资金回笼需求使得铜价承压，而低库存对铜价形成一定 支撑，本周铜价小幅下跌。往后看，预计后市铜价维持震荡。 铝：电解铝企业继续复产，需求表现冷淡。本周 LME 铝报收 2,161 美元/ 吨，较上周下跌 1.95%；沪铝报收 18,010 元/吨，较上周下跌 2.07%。供应 端，贵州、云南地区电解铝企业继续复工复产，供应增加对铝价形成一定 压力。需求端，目前下游终端消费进入淡季，本周广西、河南、青海、新 疆及重庆等地区加工企业继续减产，主要是新增订单表现不佳导致，对电 解铝的需求表现冷淡。整体而言，目前国内外利空因素较多，预计短期铝 价维持震荡下行态势。 黄金：美联储加息预期强化，黄金价格预计承压。本周 COMEX 黄金收盘 价为 1,916.20 美元/盎司，周环比下跌 0.40%；SHFE 黄金收盘价为 448.60 元/克，周环比下跌 0.12%。美联储主席鲍威尔的最新表态强化了市场对于 美联储将连续加息的预期以及对美国经济韧性的信心。在此带动下，本周 美元指数大幅反弹，金价承压回落。往后看，在美联储降息落地前，黄金 价格承压。",美元持续走强；美债违约风险上升；下游需求不及预期。
20220613-东吴证券-东吴证券有色金属行业跟踪周报：稳增长加码整体利好金属价格.pdf,投资建议：继续推荐有色金属板块。碳中和大背景下供给天花板约束，以 及全球大宗商品资本开支不足，叠加新能源需求高景气以及国内稳增长发 力，有色金属整体供需向好，行情可期。相对看好供需偏紧的大宗商品子 行业（钼、锌、电解铝、铜），以及低估值高成长的能源材料子板块（稀土、 锂、磁材、锰等）。推荐驰宏锌锗、金钼股份、华宏科技等，建议关注索通 发展、盛和资源、永兴材料、紫金矿业、铜陵有色、赤峰黄金、神火股份、 云铝股份等。,上周观点：周内国常会再提稳增长举措，政策有望加码利好金属价格。1） 基本金属：美联储加息预期提升，叠加五矿旗下 Las Bambas 铜矿重启在 即，短期铜价承压；电解铝持续去库，周度去库幅度 3 万吨，铝板带箔开 工小幅回升，铝价有望持续上行。锌价受 LME 锌库存回弹影响，小幅下行； 但现货库存去化持续，且后续基建上行，锌价有望回升。2）小金属：上周 钢招量价齐涨，物流逐步恢复，钼市交投氛围良好，库存去化，钼价持小 幅回升，考虑后续钢招旺季来临，钼价有望持续上行。3）碳酸锂：终端需 求持续火热，冶炼厂家开工较满，但锂精矿供应仍然紧张，碳酸锂价格支 撑显著；4）稀土镨钕价格小幅增长，新能源汽车、家电、消费电子等订单 有改善，且外贸出货订单稳定，库存环比、同比均下行，镨钕价格有望维 持高位。,行情回顾：上周（6 月 6 日—6 月 10 日），沪深 300 指数上涨 1.75%，收于 4238.99 点。有色金属（申万）指数上涨 3.01%，收于 5441.93 点。有色金 属细分子行业中，按申万三级指数：铜、铝、铅锌、黄金、小金属、金属 新材料分别收于 591.08、783.03、550.70、990.96、1450.31 和 1114.20 点，涨跌幅分别为 3.23%、0.59%、6.72%、3.93%、5.41% 和 0.47%。个股 涨幅前五的公司为盛新锂能、中矿资源、合盛硅业、驰宏锌锗、天齐锂亚。,稀土磁材：上周稀土市场主流产品价格稳中有升，分离企业坚挺报价， 镨钕氧化物价格小幅拉涨，中重稀土同步上行，高位难下。 ◼ 锂：上周电池级碳酸锂现货报价累计上涨 4000 元/吨，从周初的 45.4- 47.3 万元/吨的报价范围上行至 6 月 10 日的 46~47.5 万元/吨。 ◼ 钴：上周电解钴现货报价不仅短暂维稳，而且价格在 6 月 9 日还有所上 行。 ◼ 铝：上周预焙阳极价格持稳运行，生产企业运行良好，地炼石油焦价格 跌后回稳，煤沥青价格延续跌势，预焙阳极成本压力有所减小。 ◼ 铜：上周内铜价波动不大，供需双弱现状难以改善，现货弱支撑仍在。 ◼ 贵金属：上周西部黄金涨停，湖南黄金涨幅 4.41%；中润资源涨幅 7.3%； 新安股份涨幅 6.67%、洛阳钼业涨幅 4.45%；金贵银业涨幅 4.64%。 ◼ 其它金属：上周国内电解锰主产地现货均价较上上周小幅上探 50 元/ 吨，整体围绕 15300-15500 元/吨，同时 FOB 价格较上上周均价暂稳在 2350 美元/吨附近。,经济增长不及预期，美国流动性转向。
