report_id,投资建议,行业观点,行情回顾,行业跟踪,风险提示
20240420-东吴证券-东吴证券有色金属行业跟踪周报：俄罗斯金属被限制LME、CME仓单交易，短期供给紧缩的预期助推工业金属价格上涨.pdf,,,回顾本周行情（4 月 15 日-4 月 19 日），有色板块本周下跌 2.31%，在全部一级行 业中涨幅中后。二级行业方面，周内申万有色金属类二级行业中工业金属板块下跌 0.91%，小金属板块下跌 1.01%，能源金属板块下跌 4.19%，金属新材料板块下跌 5.82%，贵金属板块下跌 6.02%。工业金属方面，俄罗斯金属被限制 LME、CME 仓单交易，短期供给紧缩的预期助推工业金属价格上涨。贵金属方面，短期黄金价 格受到地缘风波的影响较大，如果冲突局势进一步紧张，金价有继续冲高的潜力， 若地缘风险缓解，则市场将重新关注利率市场的变化，建议关注 3 月美国 PCE 数 据。,"铜：矿端供给不足的扰动持续，铜价受到交易所短期仓单不足的紧缺预期加速上涨。 截至 4 月 19 日，伦铜报收 9,875 美元/吨，周环比上涨 4.97%；沪铜报收 79,370 元/吨， 周环比上涨 3.20%。供给端，截至 4 月 19 日，本周进口铜矿 TC 均价下跌至 4 美元/ 吨，在矿端供应持续紧缺的预期下，直到冶炼厂出现更大规模的减产行动，TC 价格有 望持续保持下行，此外俄罗斯金属被限制 LME、CME 仓单交易，短期的交易所仓单不 足的紧缺预期可能会形成逼仓行情；需求方面，铜价持续高位抑制需求的释放，市场 消费仍然偏弱，下游刚需采购节奏未改。我们认为目前矿端供应在短期略显短缺、长 期供应预期收紧，铜价易涨难跌，力拓、托克在智利铜会上表示需要铜价大幅上涨，才 能刺激铜矿投资以满足未来新型能源对铜的需求，建议关注 3 月美国 PCE 数据，预计 铜价维持震荡走势。 铝：受 LME 和 CME 暂停俄铝仓单交易影响，伦铝价格快速上涨。截至 4 月 19 日， 本周 LME 铝报收 2,661 美元/吨，较上周上涨 7.34%；沪铝报收 20,350 元/吨，较上周 下跌 1.86%。供应端，本周云南地区电解铝企业持续释放复产产能，目前共已复产 44 万吨，待复产 117 万吨，全国开工 4243.10 万吨，较上周增加 19.7 万吨。需求端，本 周铝棒企业受到铝水、废铝供应限制，开工率环比下降-0.24%，铝板带箔需求较好，开 工率环比上升 3.98%。美国和英国宣布对俄罗斯实施新的交易限制，伦敦金属交易所 （LME）和芝加哥商品交易所（CME）表示自 4 月 13 日起暂停俄罗斯铝产品交割，市 场对欧洲交易所仓单不足的预期推动伦铝价格上涨，同时市场预期俄罗斯将向中国出 口更多的原铝，沪铝价格小幅下跌，长期需进一步观察经济的复苏状况。 黄金：中东局势再度加剧点燃做多热情，海内外黄金维持震荡向上走势。截至 4 月 19 日，COMEX 黄金收盘价为 2406.70 美元/盎司，周环比上涨 1.97%；SHFE 黄金收盘价 为 568.30 元/克，周环比下跌 0.39%。本周，美国 3 月零售销售月率录得同比增长 0.7%， 高于预期的 0.3%；美国 3 月核心零售销售月率录得 1.1%，高于预期的 0.4%；欧元区 3 月调和 CPI 年率录得同比增长 2.4%，符合预期。本周主要经济数据表明海外经济需 求维持良性扩张，市场对于美国今年的降息预期再度推迟，美联储主席鲍威尔及纽约 联储主席威廉姆斯公开承认了抗通胀进展的迟滞不前。本周虽然受到利率端预期上行 的影响，但中东地缘政治风险再度加剧使得多头热情得以延续，伦敦金价格上涨，沪 金高位震荡，预计短期黄金价格受到地缘风波的影响较大，如果冲突局势进一步紧张， 金价有继续冲高的潜力，若地缘风险缓解，则市场将重新关注利率市场的变化，建议 关注 3 月美国 PCE 数据。",美元持续走强；下游需求不及预期。
20240518-东吴证券-东吴证券有色金属行业跟踪周报：海外降息预期提升叠加中东地缘政治风险再起，海内外黄金上涨.pdf,,,回顾本周行情（5 月 13 日-5 月 17 日），有色板块本周下跌 0.91%，在全部一级行 业中涨幅靠前。二级行业方面，周内申万有色金属类二级行业中工业金属板块上涨 0.55%，贵金属板块下跌 0.64%，能源金属板块下跌 2.34%，金属新材料板块下跌 2.51%，小金属板块下跌 3.56%。工业金属方面，美国 4 月 CPI 环比下降叠加国内 出台一系列楼市支持政策，工业金属表现良好。贵金属方面，受到海外降息预期上 升影响，以及以色列打击拉法东部，停火谈判无果而终，导致中东地缘政治风险再 起的影响，海内外黄金价格走势良好，预计黄金价格维持震荡向上走势。,"铜：欧美央行降息预期提升叠加欧洲经济加速复苏提振需求，海内外铜价环比大涨。 截至 5 月 17 日，伦铜报收 10,715 美元/吨，周环比上涨 6.72%；沪铜报收 84,250 元/ 吨，周环比上涨 4.05%。供给端，本周进口铜矿 TC 均价 2 美元/吨，现货市场的活跃 度有所提升，自由港下半年预计从 Grasberg 铜矿出口多达 90 万吨铜精矿；需求方面， 铜价再创新高，下游对当前价格接受度较低，叠加订单表现低迷，原料需求有所缩减， 下游维持刚需补库策略未改。我们认为目前矿端供应存在长期供应收紧预期，而本周 积极的欧洲经济前景数据为铜的需求提供进一步利好支撑，此外，受到美国 4 月 CPI 环比下降影响，截至 5 月 17 日，本周美元下跌 0.79%，多重因素推升铜价高涨，预计 铜价维持震荡走势。 铝：美国提高对华铝制品关税推动伦铝上涨，沪铝受成本端氧化铝上涨推动跟涨。截 至 5 月 17 日，本周 LME 铝报收 2,621 美元/吨，较上周上涨 3.99%；沪铝报收 20,995 元/吨，较上周上涨 1.30%。供应端，本周云南以及内蒙古地区电解铝企业释放复产产 能，行业开工产能 4285.10 万吨，较上周增加 6 万吨。需求端，本周铝棒开工率环比 增长 0.03%、铝板带箔开工率环比增长 0.09%，电解铝的理论需求有所提升。5 月 14 日，美方进一步提高对自华进口部分商品关税，其中铝关税从 0-7.5%提至 25%，市场 担忧海外铝产品产生供应缺口，推动伦铝上涨；国内市场，氧化铝进一步推动沪铝成 本端上升，叠加一系列地产积极政策推升用铝预期，沪铝跟涨，预计后续铝价维持震 荡走势。 黄金：海外降息预期提升叠加中东地缘政治风险再起，海内外黄金上涨。截至 5 月 17 日，COMEX 黄金收盘价为 2419.80 美元/盎司，周环比上涨 2.23%；SHFE 黄金收盘价 为 564.86 元/克，周环比上涨 0.62%。美国 4 月 CPI 年率未季调录得同比增长 3.4%， 符合预期，低于前值的 3.5%，为去年 12 月以来最低值；美国 4 月核心 CPI 月率未季 调录得同比增长 0.3%，符合预期，低于前值的 0.4%；美国 4 月零售销售月率录得 0%， 低于预期的 0.4%。本周经济数据表明美国通胀数据环比回落，为美联储降息提供数据 支撑，美联储主席鲍威尔声称加息暂且不在联储的选项内，大幅减弱了市场因年初以 来 CPI 连续超预期所致的加息预期；此外，欧洲央行管委诺特认为 6 月可能是首次降 息的好时机。受到海外降息预期上升影响，以及以色列打击拉法东部，停火谈判无果 而终，导致中东地缘政治风险再起的影响，海内外黄金价格走势良好，预计后续黄金 价格维持震荡向上走势。",美元持续走强；下游需求不及预期。
20231029-东吴证券-东吴证券有色金属行业跟踪周报：铜铝供需结构有望改善，地缘政治风险扩大对黄金价格形成向上支撑.pdf,,,回顾本周行情（10 月 23 日-10 月 27 日），有色板块本周上涨 1.64%， 在全部一级行业中涨幅中后。二级行业方面，周内申万有色金属类二级 行业中金属新材料板块上涨 2.64%，工业金属板块上涨 1.93%，能源金 属板块上涨 1.82%，小金属板块上涨 1.48%，贵金属板块下跌 0.24%。 工业金属方面，本周海外经济数据表明美国居民消费高增带动整体经济 强劲，高利率环境有望长时间维持，预计短期金属价格受风险偏好影响 将承压，整体维持震荡行情。贵金属方面，美元高位盘整，但地缘政治 风险扩大预期向上支撑贵金属价格，预计后续价格维持震荡运行。,"铜：需求增长拉动去库存速度加快，铜价环比上涨。截至 10 月 27 日，伦 铜报收 8,091 美元/吨，周环比上涨 1.90%；沪铜报收 66,880 元/吨，周环比 上涨 1.09%。供给端，本周进口铜精矿 TC 价格持续走跌至 90 美元/吨，9 月国内电解铜开工率达到约 94.2%的高位，进一步提升空间有限；需求方 面，精铜杆企业表示订单充足并尚未完全交付，因此铜杆现货依旧紧张， 原料电解铜也因进口铜未大量到货而紧张，去库速度加快，长期来看，中 央财政主动增加杠杆有望拉动需求上升，预计铜价维持震荡走势。 铝：国内电解铝供给处于高位，海内外铝价涨跌不一。本周 LME 铝报收 2,226 美元/吨，较上周上涨 2.09%；沪铝报收 18,905 元/吨，较上周下跌 0.13%。库存方面，本周 LME 库存 47.87 万吨，周环比下降 1.99%；上期 所库存 11.10 万吨，周环比上升 0.64%。供应端，本周内蒙古地区个别企业 已开始计划释放新投产产能，本周处于前期准备阶段，整体供给没有明显 变化，9 月全国电解铝的开工产能在 4,297 万吨，较八月环比增长了 7.9%。 需求端，本周加工企业下游需求较为一般，订单数量有限，铝棒企业生产 积极性不高，对电解铝的需求较为冷淡。此外云南省相关部门及电解铝相 关部门开始会议商讨枯水期行业用电情况，市场对枯水期产能减产预期加 重，叠加低库存现状对铝价形成支撑，我们预计未来铝价维持震荡行情。 黄金：消费支撑美国经济再超预期，美元高位横盘整理，地缘政治风险扩 大预期支撑黄金价格环比上涨。本周 COMEX 黄金收盘价为 2,016.30 美元 /盎司，周环比上涨 1.16%；SHFE 黄金收盘价为 476.98 元/克，周环比上涨 0.06%。美国第三季度实际 GDP 年化季率录得 4.9%，高于预期的 4.3%， 其中居民消费是三季度增长的主要动力，拉动 GDP 增长 2.69%。我们认为 美国财政部的高强度发债+劳动力市场的持续火热正在支撑美国居民消费 全面走强，从中短期角度，财政支出正在持续削弱美联储紧缩的影响力， 叠加地缘政治风险对原油价格的持续扰动使得美国通胀压力难以在短时 间被消化，美元走强，理论对黄金形成压制，但中东地缘政治风险有扩大 趋势，避险情绪对黄金产生正面的支撑，预计未来黄金价格整体维持震荡 行情。",美元持续走强；下游需求不及预期。
