report_id,投资建议,行情回顾,行业跟踪,风险提示
20210509-东吴证券-东吴证券有色金属行业跟踪周报：流动性充裕推动金属价格再创新高.pdf,投资建议：看好碳中和及流动性推动的有色金属机会。疫苗进展顺利、流 动性充裕拉升全球经济复苏预期，叠加碳中和背景下大宗品供给端的限 制，我们判断有色金属行业整体进入需求和流动性共振的上升期，特别是 对制造业需求敏感的、有供需缺口的品种弹性最大。1）持续看好强周期的 工业金属铜、铝、锌，特别是排放大、高耗能的电解铝行业，建议关注： 神火股份、云铝股份、索通发展、紫金矿业、西部矿业、云南铜业、江西 铜业。2）回调不改看好新能源上游材料，碳中和大背景下清洁能源增速更 好，锂、钴、铜箔、稀土、磁材等需求景气度可期，关注天齐锂业、融捷 股份、永兴材料、赣锋锂业、北方稀土、盛和资源等。,行情回顾：本周沪深 300 指数下跌 2.49%。有色金属（申万）指数上涨 4.71%。 铜、铝、铅锌、黄金、小金属、金属新材料涨幅分别为 5.43%、8.67%、9.03%、 8.20%、3.25%和 5.00%。个股涨幅前五的公司为西藏珠峰、中国铝业、电 工合金、宏达股份、章源钨业。,基本金属：本周铜价大幅拉涨冲上十年高位；本周铝价高位震荡运行， 持货方积极降价抛货，但接货方畏高观望；周内铅价震荡下行；本周锌 价再度冲高回落，加工费低位基本确定；本周沪锡震荡上行，供给端刺 激锡价大涨，带动内盘大涨。  贵金属：本周黄金价格先跌后涨。周末，ADP 公布了全美就业报告，略 低于市场预期，数据公布后，美元走跌，令黄金受到提振。  稀土：本周稀土市场主流产品整体报价较少，氧化物整体报价偏弱，镨 钕氧化物报货量不多，分离厂惜售，贸易商谨慎观望为主；中重稀土镝 铽钆钬价格继续稳中偏弱，金属报价对应但成交一般。  小金属新材料：本周镁锭市场先抑后扬；本周锰铁走势差异化较大，高 锰持续偏弱，中低锰走势较强；电解锰本周势头趋缓，成交寥寥，持观 望态度较多；本周钒合金市场走势上行明显，利好因素较多，市场信心 足，厂家对于后市预期较好。  锂钴：本周碳酸锂价格小幅上涨；本周氢氧化锂价格上涨；本周电解钴 现货价格持平；四氧化三钴价格下跌，下游钴酸锂厂的原料四氧化三钴 库存水平较低，预期成交量将继续增加。,经济增长不及预期；美国流动性转向。
20241228-东吴证券-东吴证券有色金属行业跟踪周报：供给端持续有效缩减，氧化铝价格拐点已至，电解铝利润端或开启上行.pdf,,回顾本周行情（12 月 23 日-12 月 27 日），有色板块本周下跌 0.68%，在全部一级 行业中涨幅中等。二级行业方面，周内申万有色金属类二级行业中金属新材料板块 下跌 0.15%，小金属板块下跌 1.48%，能源金属板块下跌 1.85%，工业金属板块下 跌 0.24%，贵金属板块下跌 0.53%。工业金属方面，年末为工业金属传统淡季，国 内内生需求环比下降，但光伏、新能源汽车强出口需求仍存，宏观层面，美元与美 债收益率延续强势，美元指数于本周环比上涨 0.18%，十年期美债收益率环比上涨 2.1%，接近前高 4.7%，本周工业金属价格整体维持震荡走势，后续需进一步观察 经济前景及需求的边际变化。贵金属方面，随着美国中性利率的提升，本轮降息周 期的剩余次数令市场感到担忧，市场延续强美元交易。本周海内外黄金价格维持震 荡走势，我们预计短期黄金价格将继续受制于强美元交易，长期看，随着美国再通 胀的进一步确认，后续有望走出震荡向上走势。,"铜：中国 2025 年 Q1 TC/RC 的指导价大幅下滑，海内外铜价录得小幅反弹。截至 12 月 27 日，伦铜报收 8,892 美元/吨，周环比上涨 0.42%；沪铜报收 74,090 元/吨，周环 比上涨 0.37%。供给端，截至 12 月 27 日，本周进口铜矿 TC 均价下跌至 8 美元/吨； 据百川盈孚，中国 2025 年第一季度长单指导加工费 TC/RC 为 25 美元/吨及 2.5 美分/ 磅，远低于 2024 年的长单加工费，表明矿端的紧缺将延续；需求方面，消费市场处于 行业淡季，本周电网新订单有所减少，家电需求在国补基础下维持较好需求，预计在 特朗普正式上台前，光伏及新能源车的抢出口将会持续；宏观方面，市场依旧交易强 美元，圣诞节期间交投有所减少，本周海内外铜价录得小幅反弹，预计短期铜价依旧 维持震荡走势。 铝：供给端持续有效缩减，氧化铝价格拐点已至，电解铝利润端或开启上行。截至 12 月 27 日，本周 LME 铝报收 2,557 元/吨，较上周上涨 0.59%；沪铝报收 19,795 元/吨， 较上周下跌 0.90%。供应端，本周我国广西、湖北地区电解铝企业继续技改，山西及四 川地区电解铝企业因成本压力检修停产，本周电解铝理论行业运行产能 4339.80 万吨， 较上周减少 8.3 万吨；需求端，本周铝板企业开工率环比持平，3C 电子及新能源汽车 需求促使铝棒企业开工率环比增长 0.14%，电解铝的理论需求有所上升。我们认为当 下国内电解铝新投产能投放已近尾声，因技改及成本压力各地减产幅度有所扩大，供 给端正在有效缩减，对铝价形成支撑；此外，氧化铝价格拐点已至，现货价格已连续两 周下行，我们认为后续电解铝利润端有望恢复上行，短期预计铝价下行空间有限。 黄金：市场延续强美元交易，黄金维持震荡走势。截至 12 月 27 日，COMEX 黄金收 盘价为 2636.50 美元/盎司，周环比下跌 0.15%；SHFE 黄金收盘价为 620.22 元/克，周 环比上涨 1.02%。本周，截至 12 月 21 日当周初请失业金人数录得 21.9 万人，低于预 期的 22.4 万人；日本 12 月东京 CPI 年率录得 3%，高于预期的 2.9%。本周经济数据较 少，但美国当周初请失业金人数低于预期依旧强化了美联储对于后续降息谨慎的预期， 美元与美债收益率延续强势，美元指数于本周环比上涨 0.18%，十年期美债收益率环 比上涨 2.1%，接近前高 4.7%，随着美国中性利率的提升，本轮降息周期的剩余次数令 市场感到担忧，市场延续强美元交易。本周海内外黄金价格维持震荡走势，我们预计 短期黄金价格将继续受制于强美元交易，长期看，随着美国再通胀的进一步确认，后 续有望走出震荡向上走势。",美元持续走强；下游需求不及预期。
20210726-东吴证券-东吴证券有色金属行业跟踪周报：供需景气持续，继续推荐能源金属、稀土金属.pdf,投资建议：继续推荐有色金属板块。三大逻辑仍未改变：全球流动性充裕、 疫情恢复后经济复苏，叠加碳中和背景下大宗商品供给天花板，有色金属 板块整体进入需求和流动性共振的阶段：1）继续看好强周期的工业金属 铜、铝、锌，特别是受益碳中和的电解铝行业，关注神火股份、云铝股份、 索通发展、紫金矿业等。2）坚定看好新能源上游材料，锂、钴、铜箔、稀 土、磁材需求高增长消化估值，推荐华宏科技、包钢股份、盛和资源、金 力永磁、永兴材料，关注北方稀土、天齐锂业、赣锋锂业、江特电机等。,行情回顾：上周（7 月 19 日-7 月 23 日），沪深 300 指数下跌 0.11%，收于 5089 点。有色金属（申万）指数上涨 0.08%，收于 5759 点。有色金属细分 子行业中，按申万三级指数：铜、铝、铅锌、黄金、小金属、金属新材料 分别收于 669、844、549、987、1555 和 1442 点，涨幅分别为 8.73%、6.37%、 11.29%、-1.19%、10.93%和 6.57%。个股涨幅前五的公司为鑫铂股份、宏 达股份、东睦股份、西藏珠峰、中钨高新。,基本金属：  铝：上周铝价在周初下跌后迅速修复，迎来较强反弹。  铜：产量不乐观并且铜矿出现品位下滑以及杂质元素增多现象，对 供应造成影响。  铅锌：周内还原铅市场货源流通尚可，冶炼厂多按需采购。  贵金属：美国经济指数状况表现乐观，但美债收益率以及新冠死亡 和确诊人数上涨让市场的担心逐渐加深，在双方因素的压力下，黄 金价格未来走势迷茫。  稀土：镨钕价格稳中偏弱运行；中重稀土镝、钆市场询盘活跃度有 所减弱，价格冲高后小幅回调，铽钬走势偏强延续。  锂：上周碳酸锂价格上涨、磷酸铁锂价格上涨。  钴：上周电解钴现货价格持稳。期货盘小幅波动，电解钴现货交易零星。  小金属新材料：上周钒合金市场走势弱稳运行，各类钒产品报价维持上 周走势。,经济增长不及预期，美国流动性转向。
