report_id,价格方面,供给方面,需求方面,总结和策略,风险提示
20250720,截至 7 月 18 日收盘，ICE 美棉期价止跌反弹，主力 12 月合约收盘 68.76 美分 / 磅，环比上周上涨 1.34 美分 / 磅，涨幅 1.99%；郑棉期价加速上涨，主力 9 月合约收盘 14270 元 / 吨，环比上周上涨 385 元 / 吨，涨幅 2.77%。,BCO:1、截至 7 月 15 日全美干旱区域面积占比为 34.1%，较前一周增加 0.3 个百分点；其中极度及异常干旱面积占比在 5.8%，较前一周增加 0.2 个百分点，同比减少 17%，减幅 25.0%；同比减少 13 万吨，减幅 0.21%。2、2025 年 6 月，中国棉花纺织行业采购经理人指数（PMI）为 47.71，较上月下滑 2.07 个百分点。3、2025 年 6 月我国棉花进口 3 万吨，环比减少 17.2%，同比减少 0.9%。4、USDA 数据，2024/25 年度全美植棉面积在 678.81 万亩，环比持平；2025/26 年度全美植棉面积为 612.8 万亩，较 3 月意向面积数增加 2.6%，同比减幅 5%。,BCO:1、据海关统计数据，2025 年 6 月我国棉花进口量 11 万吨，同比增加 0.1%，环比增加 1.0%，增幅约为 10%。2025 年 1-6 月累计进口棉花 67 万吨，同比减少 13.6%。2、据美国商务部数据，6 月零售额预期环比增加 0.6%；消费者价格指数同比增加 3%，环比增长 3%。3、2025 年 6 月我国纺织品服装出口额同比下降 6.31%，环比增加 1.11%。4、6 月印度服装出口额为 16.22 亿美元，环比减少 13.3%。6 月印度服装出口进入传统淡季。5、2025 年 6 月，美国棉制品进口量为 12.88 亿平方米，同比减少 8.03%，环比减少 9.62%。进口金额为 33.01 亿美元，环比减少 4.85%，同比减少 7.54%。,宏观事件扰动，新作产量预期调整。,国际方面，ICE 美棉期价止跌反弹，CFTC 的基金持仓棉花净多率快速回升，美棉期价开始效仿国内外棉价形成反弹。6 月印度服装出口环比下降 5%；美国因通胀进口环比下降，其中来源中国进口量下降 30%。国内方面，新疆棉花商业库存继续下降，下游开机率开始平稳调整，纱厂及织布厂成品库存继续提高。价差方面，郑棉 9-1 价差快速走跌，郑棉 5-9 价差维持相对平稳。期现基差和内外棉价差环比变动较小。7 月 BCO 数据显示国内棉花市场倾向利多驱动，未来仍需关注下游市场变化状态。策略方面，期货单边策略可逢低买入做多，建议以 CF2509 区间策略为主，9 月份价格区间可参考 14000-15000 元 / 吨。期权策略可择机考虑逢高卖出看涨期权，参考 15000 元 / 吨以上执行价格进行头寸配置。
20251116,截至 11 月 14 日收盘，ICE 美棉期价持续下跌，主力 12 月合约收盘 62.5 美分 / 磅，环比上周下跌 1.05 美分 / 磅，跌幅 1.65%；郑棉期价窄幅震荡，主力 1 月合约收盘 13450 元 / 吨，环比上周下跌 130 元 / 吨，跌幅 0.96%。,BCO:1、CONAB 第二次发布 25/26 年度棉花总产量，25/26 年度巴西全国植棉面积预期小幅下调至 213.7 万公顷，同比增加 2.4%；全国单产预期维持在 1.78 吨 / 公顷，同比减少 3.7%。2、截至 11 月 10 日，全疆棉花采摘进度约 98.5%，环比增加 2.4 个百分点，较去年同期快 0.5 个百分点。3、印度棉花协会（CAI）发布 10 月供需平衡表，25/26 年度棉花产量供应 105 万吨，同比增加 54.6%，处于近年高等水平；产量预期 518.5 万吨，同比减少 2.4%。,BCO:1、10 月，我国出口纺织品服装 222.62 亿美元，同比下降 12.59%，环比下降 8.4%。2、10 月越南棉纺织品产量为 1.03 亿平方米，同比增加 1.66%，环比减少 0.04%；服装产量 5.52 亿件，同比下降 14.32%，环比增加 2.57%。3、10 月巴西出口量为 29.4 万吨，环比增加 64.4%，同比增加 4.6%。,宏观事件扰动。,国际方面，ICE 美棉期价环比大幅下跌，11 月 USDA 数据上调全球棉花期初库存、产量、进口量、消费量、出口量和期末库存，最新数据产生利空影响。国内方面，棉花商业库存同比高于去年同期，市场关注点由皮棉成本向下游新订单及开机率方向转移。9 月初至今，国内外郑棉 1-5 价差持续走弱。价差方面，郑棉 1-5 和 5-9 价差环比略有下降，新疆棉花期现基环比提高。策略方面，期货单边策略可暂时观望或区间震荡处理，建议以 CF2601 区间策略为主（13300-13600 元 / 吨）。
20251214,截至 12 月 12 日收盘，ICE 美棉期价弱势震荡，主力 3 月合约收盘 63.83 美分 / 磅，环比上周下跌 0.12 美分 / 磅，跌幅 0.19%；郑棉期价震荡偏强，主力 1 月合约收盘 13835 元 / 吨，环比上周上涨 85 元 / 吨，涨幅 0.62%。,BCO:1、美国农业部 12 月美棉供需数据显示 25/26 全美植棉面积 564.72 万亩，收获面积 447.29 万亩，弃耕率维持 20.7% 不变。2、11 月越南棉花进口量 10.7 万吨，环比减少 6.8%，同比减少 19.2%。3、BCO12 月上测 25/26 年度棉花产量至 766 万吨，全国总产量上调 26 万吨至 768 万吨。TTEB:1、截至 12 月 9 日，美棉主产区（93.0%）的干旱程度和覆盖率指数 32，环比 - 4，同比 - 4。,BCO:1、欧盟 2025 年 8 月服装进口额为 188.49 亿美元，同比增加 2.5%，环比下降 7.01%。2、截至 11 月 13 日，美国累计净签约出口 2025/26 年度棉花 127.1 万吨，达到年度预期出口量 64.98%，累计装运棉花 49.1 万吨，装运率 38.62%。TTEB:1、我国 2025 年 1-9 月份纺织品及服装出口总额 809.75 亿美元，同比增加 2.50%，占纺织品及服装出口总额 1470.30 亿美元的 54.45%。,宏观事件扰动，美元指数变化。,国际方面，ICE 美棉期价弱势震荡，暂无反弹上涨的有效驱动。同时美联储已完成连续 3 次降息，降息将自发布之日起对大宗商品价格起到支撑效果。国内方面，BCO 上调 25/26 年度棉花产量至 768 万吨，全国总产量上调至 768 万吨，期末库存上调至 646.6 万吨。价差方面，郑棉 1-5 价差和 5-9 价差继续回调，正套价差走强已基本结束。策略方面，期货单边策略可逢低买入做多，建议以 CF2601 区间策略为主，关注 CF2605 走势，可等待市场机会重新入场，价格区间参考 13600-14000 元 / 吨。
