report_id,价格方面,供给方面,需求方面,总结和策略,风险提示
20251116,截至 11 月 14 日收盘，ICE 美棉期价持续下跌，主力 12 月合约收盘 62.5 美分 / 磅，环比上周下跌 1.05 美分 / 磅，跌幅 1.65%；郑棉期价窄幅震荡，主力 1 月合约收盘 13450 元 / 吨，环比上周下跌 130 元 / 吨，跌幅 0.96%。,BCO:1、CONAB 第二次发布 25/26 年度棉花总产量，25/26 年度巴西全国植棉面积预期小幅下调至 213.7 万公顷，同比增加 2.4%；全国单产预期维持在 1.78 吨 / 公顷，同比减少 3.7%。2、截至 11 月 10 日，全疆棉花采摘进度约 98.5%，环比增加 2.4 个百分点，较去年同期快 0.5 个百分点。3、印度棉花协会（CAI）发布 10 月供需平衡表，25/26 年度棉花产量供应 105 万吨，同比增加 54.6%，处于近年高等水平；产量预期 518.5 万吨，同比减少 2.4%。,BCO:1、10 月，我国出口纺织品服装 222.62 亿美元，同比下降 12.59%，环比下降 8.4%。2、10 月越南棉纺织品产量为 1.03 亿平方米，同比增加 1.66%，环比减少 0.04%；服装产量 5.52 亿件，同比下降 14.32%，环比增加 2.57%。3、10 月巴西出口量为 29.4 万吨，环比增加 64.4%，同比增加 4.6%。,国际方面，ICE 美棉期价环比大幅下跌，11 月 USDA 数据上调全球棉花期初库存、产量、进口量、消费量、出口量和期末库存，最新数据产生利空影响。国内方面，棉花商业库存同比高于去年同期，市场关注点由皮棉成本向下游新订单及开机率方向转移。9 月初至今，国内外郑棉 1-5 价差持续走弱。价差方面，郑棉 1-5 和 5-9 价差环比略有下降，新疆棉花期现基环比提高。策略方面，期货单边策略可暂时观望或区间震荡处理，建议以 CF2601 区间策略为主（13300-13600 元 / 吨）。,宏观事件扰动。
20251102,截至 10 月 31 日收盘，ICE 美棉期价环比上涨，主力 12 月合约收盘 65.56 美分 / 磅，环比上周上涨 1.38 美分 / 磅，涨幅 2.15%；郑棉期价窄幅震荡，主力 1 月合约收盘 13595 元 / 吨，环比上周上涨 55 元 / 吨，涨幅 0.41%。,BCO:1、截至 10 月 17 日，马托格罗索州大豆播种进度约 44%，同比快 18 个百分点，利好未来新棉播种。2、印度 CAI 预计 24/25 年度棉花产量 531.1 万吨，进口量 69.7 万吨。3、9 月我国棉花进口量 10 万吨，环比增加 3 万吨，增幅 42.9%；同比减少 2 万吨，减幅 18.7%。,BCO:1、8 月希腊出口棉花约 5493 吨，环比减少 23.0%；同比减少 45.5%。2、9 月日本服装进口额为 3722.76 亿日元，同比增加 7.52%，环比增加 13.12%。3、9 月孟加拉棉花进口约 15.2 万吨，环比增加 14.4%，同比增加 5.9%。4、9 月国内纱产量 207.4 万吨，同比增加 1.8%，环比增加 2.27%。,国际方面，ICE 美棉期价环比上涨，中美经贸磋商最新进程有利宏观市场环境。国内方面，新疆地区籽棉收购价格冲高后开始缓慢回落，新年度新花成本区间趋向固化。价差方面，郑棉 1-5 和 5-9 价差基本持平，期现基差和内外棉价差继续下跌走弱。策略方面，期货单边策略可暂时观望，价差可参考郑棉 1-5 价差正套策略，建议以 CF2601 区间策略为主（13400-13700 元 / 吨）。,宏观事件扰动，美元指数走势，新作籽棉收购价格预期及产量预期调整。
20241229,截至 12 月 27 日收盘，ICE 美棉期价止跌反弹，主力 3 月合约收盘 68.8 美分 / 磅，环比上周收盘上涨 0.68 美分 / 磅，环比涨幅 1.0%。同期，郑棉 5 月合约收盘 13500 元 / 吨，环比上周收盘上涨 105 元 / 吨，环比涨幅 0.78%。,BCO:1、截止 12 月 15 日全国棉花商业库存 536.53 万吨，较 11 月底增加 69.17 万吨，增幅 14.8%。其中新疆疆内棉花库存为 446.22 万吨，较 11 月底增加 59.53 万吨；内地库存 43.31 万吨，较 11 月底增加 9.44 万吨，进口棉保税库存为 47 万吨，较 11 月底减少 0.2 万吨。2、12 月 28 日，新疆地区皮棉累计加工总量 581.02 万吨，同比增幅 19.46%。其中，自治区皮棉加工量 403.62 万吨，同比增幅 26.77%；兵团皮棉加工量 177.4 万吨，同比增幅 5.61%。28 日当日加工增量 3.63 万吨，同比增幅 9.01%。,BCO:1、2024 年 11 月棉纱出口量 2.74 万吨，环比减少 3.46%，同比增加 51.55%；出口金额 1.07 亿美元，环比增加 1.11%，同比增加 52%。2024 年 1-11 月，我国棉纱线出口量累计 27.12 万吨，同比增加 25.03%；出口金额 10.87 亿美元，同比增加 23.23%。2、2024 年 11 月棉制品 (包括棉混纺制品，不仅指纯棉制品，下同) 出口量 58.90 万吨，同比增加 16.42%，环比减少 4.57%；出口金额 59.04 亿美元，同比增加 4.38%，环比增加 4.57%；出口单价为 10.03 美元 / 千克，同比减少 10.37%，环比增加 9.50%。,国际方面，ICE 美棉止跌反弹，最新周的美棉出口销售环比提高，但 CFTC 的基金持仓棉花净多率继续下降。市场关注国际油价走势和震荡幅度，同时，海外棉纺市场的下游新订单和开机率情况表现利空。国内方面，郑棉期现基差和内外棉价差环比下降，郑棉 1-5 价差环比持平，5-9 价差环比下降。策略方面，CF2405 合约以逢高卖出交易为主，同期匹配卖出看涨期权策略，期权可参考 CF2505C14000 以上卖出看涨期权。,宏观事件扰动，下游开机率和新订单变化。
