report_id,价格方面,供给方面,需求方面,总结和策略,风险提示
20240721,截至 7 月 19 日收盘，ICE 美棉期价震荡下跌，主力 12 月合约收盘 70.78 美分 / 磅，环比下跌 0.56 美分 / 磅，环比跌幅 0.78%。国内郑棉期价维持震荡走势，郑棉主力 9 月合约收盘至 14715 元 / 吨，环比上涨 245 元 / 吨，环比涨幅 1.69%。,USDA：1、美棉新作质量方面，生长情况好的占比为 37%，生长情况一般的占比为 32%，生长情况不好的占比为 12%。2、截至 7 月 11 日，23/24 年度美国陆地棉净签约量 2.72 万包，较前一周和前四周均值分别降低 50% 和 76%；同期，出口装运量 11.31 万包，较前一周和前四周均值分别降低 30% 和 33%。BCO：1、美棉旱情检测，截至 7 月 16 日全美干旱区域面积占比为 20.6%，较前一周增加 1.1 个百分点，持续处于近年偏低位置；其中极度及异常干旱面积占比在 1.6%，较前一周增加 0.5 个百分点，同样处于近年偏低水平。2、18 日印度棉花公司（CCI）抛储 2.7 万吨，其中约 500 吨为上一年度陈棉，本年度 S-6 竞拍底价维持在 57800 卢比 / 坎地，上一年度 S-6 竞拍底价维持在 57300 卢比 / 坎地。海关数据：1、2024 年 6 月我国棉花进口量 16 万吨，环比减少 10 万吨，减幅 38.5%；同比增加 8 万吨，增幅 86.0%。2024 年我国累计进口棉花 180 万吨，同比增加 213.1%。,BCO：1、2023/24 年度印度 5 月份的棉纱 (HS:5205 项下) 出口总量为 9.13 万吨，同比增加 13.87%，环比增加 4.18%。2、5 月，美国批发商服装及服装面料销售额为 130.75 亿美元，同比增加 5.95%；环比减少 0.01%。同期，美国批发商服装及服装面料库存额为 287.44 亿美元，同比减少 20.68%；环比减少 0.72%。美国批发商库存销售比为 2.2，同比减少 0.74；环比减少 0.01。国家统计局数据：1、2024 年 6 月份，社会消费品零售总额 40732 亿元，同比增长 2.0%，环比增长 3.88%。2024 年 1-6 月份，社会消费品零售总额 235969 亿元，同比增长 3.7%。6 月服装、鞋帽、针纺织品类商品零售额为 1237 亿元，同比减少 1.9%，环比增加 7.8%。1-6 月累计零售额为 7098 亿元，同比增加 1.3%。,国际方面，市场继续关注新年度总产量和期末库存变化。美陆地棉出口销售降至本年度最低水平，出口中国市场数据同样下降。国内方面，纱厂和织造厂成品库存处于较高水平，整体市场消费恢复不及预期。策略方面，套保策略以逢高反弹的期货空单 + CF2409C15000 及以上卖出期权策略为主。,国际和国内宏观环境变化，中国市场下游订单变化。
20241201,截至 11 月 29 日收盘，ICE 美棉期价重新下跌，主力 3 月合约收盘 71.95 美分 / 磅，环比上周收盘上涨 1.18 美分 / 磅，环比涨幅 1.67%。同期，郑棉 1 月合约收盘 14055 元 / 吨，环比上周收盘上涨 190 元 / 吨，环比涨幅 1.37%。,BCO:1、截至 11 月 28 日，新疆地区皮棉累计加工总量 417.1 万吨，同比增幅 21.48%。其中，自治区皮棉加工量 280.06 万吨，同比增幅 29.33%；兵团皮棉加工量 137.05 万吨，同比增幅 8.07%。28 日当日加工增量 7.53 万吨，同比增幅 10.31%。2、根据 BCO 公告，今年新疆棉花种植总成本较去年持平略有增加，其中，新疆机采棉种植成本普遍在 2750-3600 元 / 亩左右，手摘棉种植成本普遍在 3410-3960 元 / 亩左右。TTEB:1、截止到 11 月 26 日，美棉主产区（92.8%）的干旱程度和覆盖丰指数 130，同比低 37，环比上周降 5；德克萨斯州的干旱程度和覆盖丰指数为 158，同比高 21，环比上周降 3。,BCO:1、2024 年 10 月份越南商品出口总额为 356.35 亿美元，同比增加 4.57%。其中，纺织服装出口额达 32.12 亿美元，环比增加 7.83%，同比增加 25.16%；纱线出口量为 17.35 万吨，环比增加 20.24%，同比增加 6.61%。10 月越南纱线进口量为 11.14 万吨，环比增加 15.61%，同比增加 30.8%；面料进口额为 13.16 亿美元，环比增加 4.96%，同比增加 16.22%。2、印度 2024 年 10 月的服装出口额为 12.27 亿美元，同比增长 35.06%，环比增长 11%。2024/25 年度服装出口总额为 87.32 亿美元，同比增长 11.60%。2024 年 1-9 月印度服装出口总额为 131.2 亿美元，同比增长 7.78%。,国际方面，ICE 美棉止跌反弹，最新周的美棉出口销售环比提高。同时，市场继续关注国际油价走势及下游新订单情况。最新周的 CFTC 基金持仓棉花净多率环比下降，市场重新跟踪空头驱动。国内方面，郑棉期现基差环比下降，内外棉价差环比下降，郑棉 1-5 价差环比上升，5-9 价差环比持平。策略方面，在 12 月上半月前建议以区间震荡策略为主。具体对 CF2501 期货和期权合约执行宽幅震荡策略，可参考 CF2501C14400 以上卖出看涨期权，CF2501P13400 以下卖出看跌期权。,宏观事件扰动，下游开机率和新订单变化。
20250622,截至 6 月 20 日收盘，ICE 美棉期价震荡下跌，主力 12 月合约收盘 66.76 美分 / 磅，跌幅 1.68%；郑棉期价窄幅震荡，主力 9 月合约收盘 13495 元 / 吨，环比上周持平。,BCO:1、2025 年 5 月，我国棉布进口数为 2579.70 万米，同比减少 12.13%，环比减少 30.73%；进口重量为 3192.36 吨，同比减少 32.63%，环比减少 27.05%；进口金额为 236.14 万美元，同比减少 31.83%，环比减少 23.17%。2、截至 6 月 20 日，出疆棉公路运输价格指数为 0.1200 元 / 吨?公里，环比持平。近一个月以来出疆棉价格整体呈现为下降趋势。,BCO:1、2025 年 5 月棉纱出口量 2.79 万吨，环比下降 5.19%，同比增加 6.53%，在近五年同期棉纱出口中处于最高水平；出口金额 1.04 亿美元，环比下降 11.3%，同比增加 10.4%，在近五年同期棉纱出口中处于中等水平。2、2025 年 5 月棉布出口量 6.55 万吨，同比增加 5.85%，环比增加 33.0%；出口金额 6.21 亿美元，同比减少 4.48%，环比增加 4.13%；出口单价为 9.33 美元 / 千克，同比下跌 11.98%，环比上涨 0.76%。3、2025 年 5 月，全国服装、鞋帽、针纺织品类商品零售额为 1222 亿元，同比增长 4.0%，环比增长 12.59%。5 月累计零售额为 6131 亿元，同比增长 3%。2025 年 5 月，社会消费品零售总额 41326 亿元，同比增长 6.4%，环比增长 11.17%。2025 年 1-5 月份，社会消费品零售总额 203171 亿元，同比增长 10%。,国际方面，ICE 美棉期价大幅下跌，市场对当前消费预期仍维持悲观。美棉最新一周出口销售数据环比提高，最新一周的 CFTC 基金持仓棉花净多率继续下降，市场情绪维持偏空。国内方面，新疆棉花商业库存加速去库，市场下游订单和出口数据表现基本符合市场预期。价差方面，郑棉 9-1 和 5 价差围绕轴上下波动，期现基差和内外棉价差继续维持上涨。策略方面，择机可逢高卖出，建议以 CF2509 区间策略为主。,宏观事件扰动，新作产量预期调整。
