report_id,价格方面,供给方面,需求方面,总结和策略,风险提示
20240825,截至 8 月 23 日收盘，ICE 美棉期价下跌反弹后环比提高，主力 12 月合约收盘 70.78 美分 / 磅，环比上升 3.54 美分 / 磅，环比涨幅 5.26%。国内郑棉期价下跌后反弹，郑棉 1 月合约收盘至 13580 元 / 吨，环比上升 200 元 / 吨，环比涨幅 1.49%。,TTEB：1、截至 8 月 16 日，ON-CALL 2412 合约上卖方未点价合约减持 2268 张至 27510 张环比上周减少。24/25 年度卖方未点价合约总量减持 1690 张至 54794 张，环比上周减少。2、截至 8 月 16 日，2024/25 年度印度棉种植面积为 1111 万公顷，较上一年度同期低 107.9 万公顷，同比下降 9%。USDA：1、截至 8 月 15 日当周，24/25 年度美棉出口净销售 9.3 万包，25/26 年度美棉净销售 0.49 万包；当周，24/25 年度美棉出口装船量 16.88 万包，其中出口中国市场 1.92 万包。BCO：1、8 月报告将 23/24 年度总供应量上调 2 万吨至 1485 万吨，其中调整了进口量 315 万吨（+2）；24/25 年度总供应量上调 37 万吨至 1482 万吨，其中调整了期初库存 678 万吨（+17）、产量 604 万吨（+20）。2、2024 年 7 月我国棉纱进口量 13 万吨，同比减少 3 万吨，减幅为 19.7%；环比增加约为 2 万吨，增幅为 18.18%。2024 年 1-7 月累计进口棉纱 90 万吨，同比增加 7.8%。2023/24 年度 (2023.9-2024.7) 累计进口棉纱 156 万吨，同比增加 35.65%。3、预计 2024 年棉花吐絮期全疆大部棉区较常年偏早。,BCO：1、2024 年 7 月棉制品（包括棉混纺制品，不仅指纯棉制品，下同）出口量 59.7 万吨，同比增加 12.01%，环比减少 2.79%；出口金额 58.43 亿美元，同比减少 3.27%，环比减少 9.93%；出口单价为 9.79 美元 / 千克，同比下跌 13.64%，环比下跌 7.35%。2、2024 年 7 月棉纱出口量 2.27 万吨，环比减少 14.38%，同比增加 27.76%；出口金额 0.89 亿美元，环比减少 10.97%，同比增加 27.28%。2023 年 1-7 月，我国棉纱线出口量累计 16.56 万吨，同比增加 18.16%；出口金额 6.84 亿美元，同比增加 18.55%。,国际方面，本周 ICE 美棉期价下跌反弹震荡，整体下跌趋势暂未改变，利多驱动因素尚未有明显表现。CFTC 基金净多率数据预计开始企稳，需观察近 1 个月数据走向。国内方面，织厂开机率指标还是回升，纱厂开机率继续走弱。国内棉纱、棉织品出口数据环比上月下降。策略方面，套保策略以逢高反弹的期货空单 + CF2501C15000 及以上卖出期权策略为主。,宏观因素变化，中国市场下游订单变化。
20240421,ICE 棉价持续走弱，主力 07 合约下跌至 80 美分 / 磅左右，跌幅达 4%。郑棉收盘于 15800 元 / 吨附近，较上周下跌 3%,国际方面，美国农业部 4 月份公布的报告中，23/24 年度全球棉花产量小幅下调 0.7 万吨，主要棉花主产国产量均未作调整。期末库存：全球期末库存下调 5.8 万吨，其中中国期末库存增加 17.4 万吨，印度期末库存下调 2.2 万吨，巴西期末库存下调 10.9 万吨，澳洲期末库存下调 5.5 万吨，阿根廷期末库存上调 2.1 万吨。美棉产区气温较好，播种顺利进行。国内方面，截至 3 月底全国棉花商业库存 485.94 万吨，环比减少 50.73 万吨，同比减少 14.49 万吨；其中新疆棉库存 356.44 万吨，环比减少 51.85 万吨，同比减少 55.69 万吨，整体库存中性。,国际方面，消费方面：23/24 年度全球消费下调 2.8 万吨，其中中国消费上调 10.9 万吨至 827.4 万吨。低价刺激美棉出口签约环比明显增加，中国进口需求持稳。国内方面，进入四月份，下游需求回暖暂不明显，新订单以小单、短单为主，下游对涨价接受度不高。但企业订单略有增加。3 月纺企采购多点价，逢低补库为主。,全球棉花需求处于中性常态，供应被动收缩，整体平衡略偏紧。美棉方面，产区气温较好，播种顺利进行，增产预期较强施压远月。接下来进入新季种植，关注 4 月底实际种植于天气带来的驱动。国内 3 月商业库存环比、同比下降，库存整体中性。需求方面，3 月终端新增订单有所好转，但整体幅度不大，4 月需求回暖暂不明显，短期棉价震荡下行。进入 4 月后，新季种植即将开启，种植面积是关键。操作上建议短期内观望为主。,新季棉花种植情况，终端新增订单持续性
20231124,国际方面，截止 12 月 22 日，本周 ICE 美棉主力合约收盘价为 79.85 美分 / 磅，较上周环比持平；全球经济情况短期难改，美棉维持震荡走势。国内方面，本周郑棉主力合约维持震荡。截止 12 月 22 日，郑棉主力合约收盘价 15425 元 / 吨，较上一个交易日上涨 165 元 / 吨，较上周环比上升 0.49%。,国际方面，USDA 在 12 月报告下调全球产量 11.8 万吨，其中美国和土耳其分别调减 6.8 万吨和 6.5 万吨。美国农业部 12 月报告下调美国棉花产量 7 万吨，当前预计产量为 278 万吨，较 2022/23 年 11 月报告同比下降 37 万吨。受恶劣天气影响，得州产量持续下调，当前得州单产已降至 421 磅 / 英亩。国内方面，预计 2023/24 年度棉花种植面积为 4350 万亩，USDA 在 12 月报告中 2023/24 年度棉花产量未作调整，保持在 588 万吨；上调棉花进口量 11 万吨。,USDA 在 12 月报告中下调 2023/24 年度全球消费量，主要来源于中国消费量的下调。USDA 下调美棉国内需求 4 万吨，出口需求未做调整；截止 12 月 14 日当周，2023/24 美陆地棉周度签约 3.33 万吨，环比大幅上升 154.2%。国内方面预计 2023/24 年度棉花消费量 795 万吨，调减 21.8 万吨，当前新棉加工进度较快，但下游需求弱，纱线库存累积，开机率持续下滑。,美棉方面，本周美棉整体呈震荡走势。本周受美棉出口签约量回升，出口装运量上升至销售年度新高，受出口数据利好提振，周五美棉回升。后期仍需关注需求端对价格的影响。国内方面，本周郑棉维持震荡，从国内市场运行情况来看，国内新棉收购接近尾声，单日新增加工量大幅下降，截止到 2023 年 12 月 22 日，新疆地区皮棉累计加工总量 465.99 万吨，同比增幅 22.83%。另外目前进口棉订货量大到港，受气温影响，阶段性供应较为充裕。需求方面，下游成交量季节性回升，下游需求市场有所回暖，但棉纱库存依然维持高位，棉价或仍面临反弹动力不足，预计短期郑棉维持区间震荡。,下游需求、纱线去库压力。
