report_id,价格方面,供给方面,需求方面,总结和策略,风险提示
20240804,截至 8 月 2 日收盘，ICE 美棉期价环比下跌震荡，主力 12 月合约收盘 68.33 美分 / 磅，环比上涨 0.28 美分 / 磅，环比涨幅 0.41%。国内郑棉期价环比基本持平，郑棉主力 9 月合约收盘至 14160 元 / 吨，环比上涨 5 元 / 吨，环比涨幅 0.04%。,TTEB：1、截止到 7 月 30 日，美棉主产区（92.8%）的干旱程度和覆盖率指数 64，同比低 35，环比上周降 15；德克萨斯州的干旱程度和覆盖率指数为 78，同比低 78，环比上周降 3。美棉主产区干旱指数继续大幅下探，德州地区干旱水平较去年显著降低。2、据公告，ABARES 显示 7 月 31 日当周，冷锋和一系列低谷给澳大利亚西南部、南部和东部带来降雨，而高压系统使其余地区大部分保持干燥。BCO：1、阿克苏市、喀什市、阿拉尔市、沙湾市、石河子市、昌吉市六个产棉区的五天滑动平均气温和 10℃以上有效积温。数据显示，六个主产棉区五天滑动平均气温升至 29-30℃左右，均超过前 4 个年份同期水平，阿拉尔市有效积温略高于 2022 年同期。2、截至 7 月 28 日当周，公路出疆棉运输量总计 5.51 万吨，环比增加 0.3 万吨，增幅 5.7%，同比增加 0.8 万吨，增幅 17.1%。,BCO：1、本周数据显示，7 月越南棉纺织品服装产量同比大幅增加；菲律宾 5 月份纺织品服装进口额同比环比均跌，法国 4 月服装进口额同比增加环比下降。2024 年 7 月越南棉纺织品产量为 0.92 亿平方米，同比增加 66.95%；服装产量 6.36 亿件，同比增加 46.77%。5 月份菲律宾纺织品服装进口额 1.66 亿美元，同比减少 20.06%，环比减少 3.58%。其中纺织品进口额 0.99 亿美元，同比减少 23.36%，环比减少 8.4%；服装进口额 0.67 亿美元，同比减少 14.58%，环比增加 4.63%。4 月法国服装进口总额为 18.82 亿美元，同比增加 3.47%，环比下降 4.08%，1-4 月法国服装累计进口额为 78.16 亿美元，同比下降 5.86%。2、7 月 31 日，发改委公告发放 2024 年滑准税配额，发放数量为 20 万吨，全部为非国营贸易配额，限定用于加工贸易方式进口。,国际方面，市场已经关注美联储降息预期和宏观重大事件影响，最新当周的美棉出口销售环比大幅下降。国内方面，纺企棉花库存和织厂棉纱库存环比提高，但成品库存略有下降，国内宣布发放 2024 年 20 万吨滑准税配额，从政策角度有利于消化保税棉棉花库存，但对现货远月市场仍有利空驱动。同时，国内棉花新作产量提高预期也被重点关注，总供应量宽松，消费和订单恢复仍不及市场预期。策略方面，套保策略以逢高反弹的期货空单 + CF2409C15000 及以上卖出期权策略为主。,国际和国内宏观环境变化，中国市场下游订单变化。
20231119,国际方面，截止 11 月 17 日，本周 ICE 美棉主力合约收盘价为 81.30 美分 / 磅，较上周环比上升 4.96%。本周 ICE 期棉交易重心回弹，ICE 主力合约结算价均价 80.63 美分 / 磅，较上周上涨 3.48 美分；远月合约结算价均价 81.42 美分 / 磅，较上周上涨 1.88 美分。国内方面，本周郑棉主力合约短暂提振后回落。截止 11 月 17 日，郑棉主力合约收盘价 15685 元 / 吨，较上周环比下降 0.16%。,国际方面，USDA 在 11 月报告上调全球棉花产量 18 万吨，当前预计总产量 2470 万吨，较 2022/23 年 11 月报告同比下降 70 万吨。美国农业部 11 月报告上调美国棉花产量 6 万吨，当前预计产量为 285 万吨，较 2022/23 年 11 月报告同比下降 30 万吨。得州产量持续下调，但其他州有不同程度的产量上调，抵消了得州产量的减少。国内方面，预计 2023/24 年度棉花种植面积为 4350 万亩，USDA 在 11 月报告中 2023/24 年度棉花产量未作调整，保持在 588 万吨；上调棉花进口量 11 万吨。,USDA 在 11 月报告中下调消费量 11 万吨，当前预计消费量为 2510 万吨，较 2022/23 年 11 月报告同比上升 95 万吨。USDA 下调美棉国内需求 2 万吨，出口需求未做调整；本周美陆地棉周度签约 7.45 万吨，环比下降 17%，较前 4 周平均水平增长 18%。国内方面预计 2023/24 年度棉花消费量 816 万吨，较上月未作调整，当前新棉销售迟缓，下游纱线订单不足、库存累积。,美棉方面，周内在中美领导会面，叠加美国 10 月 CPI 数据低于市场预期等利好因素的提振，本周美棉呈上行趋势，收复 80 美分关口；本周美陆地棉持续回落，后期仍需关注需求端对价格的影响。国内方面，全疆籽棉收购进度近 9 成。本周北疆出现雨雪天气，部分棉农担心籽棉品质受到影响陆续开始交售。随着本周中储棉停止 2023 年度抛储，叠加产业流动性弱、下游纺企库存去化艰难，目前国内棉花呈现供需双弱格局，郑棉在因停止抛储短暂提振后再次回落，新棉价格持续下跌，预期短期内棉价将维持区间震荡。,下游销售、需求压力。
20260111,截至 1 月 9 日收盘，ICE 美棉期价冲高回落，主力 3 月合约收盘 64.48 美分 / 磅，环比上周上涨 0.47 美分 / 磅，涨幅 0.73%；郑棉期价冲高回落，主力 5 月合约收盘 14675 元 / 吨，环比上周上涨 90 元 / 吨，涨幅 0.62%。,BCO:1、截至 2025 年 12 月，全国棉花商业库存 578.47 万吨，较上月增加 110.11 万吨，增幅 23.51%，高于去年同期 9.96 万吨，增幅 1.75%。2、截至 1 月 6 日，全美干旱区域面积占比为 44.8%，较前一周增加 2.0 个百分点；其中极度及异常干旱面积占比在 1.9%，较前一周持平。,BCO:1、2025 年 12 月巴西棉花出口量为 45.2 万吨，环比增加 12.4%，同比增加 28.2%。2、2025 年 12 月越南棉花进口量 15.7 万吨，环比增加 47.1%，同比增加 16.5%。3、2025 年 12 月，纺织企业在库棉花工业库存为 98.8 万吨，较上月增加 4.42 万吨。纺织企业可支配棉花库存量为 115.62 万吨，较上月增加 4.98 万吨。纺织企业纱线库存 25.12 天，较上月减少 1.21 天。,国际方面，ICE 美棉期价冲高回落，国际原油价格本周止跌反弹，最新一周的 25/26 年度巴西棉花种植进度同比去年持平。巴基斯坦开机率高于去年同期，印度市场数据偏强。国内方面，纺企和织布厂的开机率分别持平于去年同期水平，纺企成品库存和织布厂成品库存偏高。市场继续关注 2026 年新疆棉花种植面积调减预期，当周的相关会议传出不同声音的政策解读。价差方面，新疆基差环比上周止跌回升，郑棉跨月价差冲高回落。策略方面，期货单边策略可逢低买入做多，关注 CF2605 走势，价格区间参考 14300-14900 元 / 吨。,宏观事件扰动，美元指数变化。
