report_id,价格方面,供给方面,总结和策略,风险提示
20251214,截至 12 月 12 日收盘，ICE 美棉期价弱势震荡，主力 3 月合约收盘 63.83 美分 / 磅，环比上周下跌 0.12 美分 / 磅，跌幅 0.19%；郑棉期价震荡偏强，主力 1 月合约收盘 13835 元 / 吨，环比上周上涨 85 元 / 吨，涨幅 0.62%。,BCO:1、美国农业部 12 月美棉供需数据显示 25/26 全美植棉面积 564.72 万亩，收获面积 447.29 万亩，弃耕率维持 20.7% 不变。2、11 月越南棉花进口量 10.7 万吨，环比减少 6.8%，同比减少 19.2%。3、BCO12 月上测 25/26 年度棉花产量至 766 万吨，全国总产量上调 26 万吨至 768 万吨。TTEB:1、截至 12 月 9 日，美棉主产区（93.0%）的干旱程度和覆盖率指数 32，环比 - 4，同比 - 4。,国际方面，ICE 美棉期价弱势震荡，暂无反弹上涨的有效驱动。同时美联储已完成连续 3 次降息，降息将自发布之日起对大宗商品价格起到支撑效果。国内方面，BCO 上调 25/26 年度棉花产量至 768 万吨，全国总产量上调至 768 万吨，期末库存上调至 646.6 万吨。价差方面，郑棉 1-5 价差和 5-9 价差继续回调，正套价差走强已基本结束。策略方面，期货单边策略可逢低买入做多，建议以 CF2601 区间策略为主，关注 CF2605 走势，可等待市场机会重新入场，价格区间参考 13600-14000 元 / 吨。,宏观事件扰动，美元指数变化。
20231112,国际方面，截止 11 月 10 日，本周 ICE 美棉主力合约收盘价为 77.46 美分 / 磅，较上周环比下降 2.75%。国内方面，本周郑棉主力合约窄幅震荡。截止 11 月 10 日，郑棉主力合约收盘价 15710 元 / 吨，较上周环比下降 0.95%。,国际方面，USDA 在 11 月报告上调全球棉花产量 18 万吨，当前预计总产量 2470 万吨，较 2022/23 年 11 月报告同比下降 70 万吨。美国农业部 11 月报告上调美国棉花产量 6 万吨，当前预计产量为 285 万吨，较 2022/23 年 11 月报告同比下降 30 万吨。得州产量持续下调，但其他州有不同程度的产量上调，抵消了得州产量的减少。国内方面，预计 2023/24 年度棉花种植面积为 4350 万亩，USDA 在 11 月报告中 2023/24 年度棉花产量未作调整，保持在 588 万吨；上调棉花进口量 11 万吨。,美棉方面，USDA 本月调高美棉产量，供给宽松，USDA 报告发布对美棉走势有利空作用。本周美棉出口签约量下降，陆地棉装运量降至本年度新低，美棉出口承压。国内方面，北疆棉花收购已进入尾声，个别棉农陆续交售，但因郑棉下跌，导致棉花收购价格和新棉销售价格走低，部分棉农因籽棉收购价格下跌，交售积极性不强。下游纺织企业信心不足，原料补库和生产均处于收缩状态，开机率持续下跌，对于后市预期较弱。基本面整体偏弱，预计棉价偏弱运行。,下游销售、需求压力。
20240317,截止 3 月 15 日，本周 ICE 美棉主力合约收盘价为 93.95 美分 / 磅，主力合约下跌 1.4%；郑棉主力 2405 合约最终收盘价为 16050 元 / 吨，周涨幅 0.34%。,国际方面，USDA 在 3 月报告中 2023/24 年度棉花产量、消费和贸易量环比调增，但期末库存下降。全球棉花产量环比调增 13 万包，美国和阿根廷产量的减少被印度产量增加 50 万包完全抵消。美棉产量与期末库存继续下滑。国内方面，全国工商业库存处于偏高水平，进口充足，供应宽松。,全球棉花需求处于中性常态，供应被动收缩。整体平衡略偏紧。美棉方面，本周美棉出口签约及装运量较前周均增长，短期内美棉供需偏紧对棉价形成较强支撑。国内方面，供应端当前棉花商业库存维持高位，新疆棉花加工基本结束；目前进口棉港口库存保持增长态势，短期供应仍较为充裕。需求方面，高产能，高开机期短期内对棉花形成较大基数的刚性需求，但长期下来终端需求不足，渠道库存累积（纱线、坯布），纺纱利润被压缩，限制棉价上涨幅度。操作上建议短期内观望为主。,纺企订单、原材料补库情况。
