report_id,价格方面,供给方面,需求方面,总结和策略,风险提示
20250406,截至 4 月 4 日收盘，ICE 美棉期价跌至今年新低，主力 5 月合约收盘 63.33 美分 / 磅，跌幅 5.32%；截至 4 月 3 日，郑棉期价弱势窄幅震荡，主力 5 月合约收盘 13510 元 / 吨，跌幅 0.52%。,BCO:1、截至 3 月 31 日，新疆棉花播种工作已有序展开，整体播种进度约 1.1%。其中，南疆棉区最早从 3 月下旬开始播种，进度约为 1.1%。2、2025/26 年度美棉种植面积预计 1140 万英亩，同比减少 3%。北部棉区参选者新棉面积预计同比持平，中部棉区占比拉新棉面积预计同比减少 3%，中央棉区减少 5%，乌拉特加拉特预计同比持平。3、美棉新年度陆地棉种植面积 986.7 万英亩，同比减少 11.8%。其中陆地棉面积 907.1 万英亩，同比减少 11.5%；皮马棉面积同比减少 24.2%。,BCO:1、截至 3 月 27 日，美国累计净出口 2024/25 年度棉花 345.4 万吨，达到年度预期出口量的 102.47%。累计装运棉花 151.1 万吨，完成 61.5%。2、2025 年 2 月服装进口额为 249.48 亿美元，同比减少 6.59%，环比减少 28%。从数量上看，2025 年 2 月服装进口量为 6.1 万吨，同比减少 16.2%，环比减少 28.7%。关税政策：1、我国自 2025 年 4 月 10 日 12 时 01 分起，对原产于美国的进口商品加征关税。对原产于美国的所有进口商品，在现行适用关税税率基础上加征 3% 关税。,现货市场对 “对等关税” 的预期不足，当前现实市场的悲观和恐慌度高于前期预期。从美棉市场来看，近期美棉出口销售环比提高，但对中国市场出口量不足。在美棉新作种植季初期，新花面积低于预期将对价格起到支撑和止跌作用，且近期 CFTC 基金持仓棉花净多率有所提高，或将出现持仓单量持续增加的局面。但最新关税影响下，ICE 美棉期价出现振荡回落且创出今年新低价。国内市场方面，2024/25 年度以来新棉的进口量出现大幅下降，主要原因是巴西棉花到港量的增加，同时国内新疆棉花产量的增加也是进口减少的因素。截至 2025 年 3 月，全国棉花商业库存总量 517 万吨，至今呈现出良性的态势。2024/25 年度新疆棉花产量预期较理想，暂不会出现产量大幅下降的预期，但也要密切关注新疆棉花种植进度和年度变化。在终端市场方面，下游开机率整体表现良好，甚至销售价格有所提高，下游采购进度和节奏比较理性。基于当前棉花产业供需结构和最新政策影响，综上所述，我们认为短期内棉花价格仍将表现为承压状态，未来棉价或将继续下跌。建议棉花期货和期权策略以逢高卖出为主。,宏观事件扰动，新作产量变化。
20240107,国际方面，截止 1 月 5 日，本周 ICE 美棉主力合约收盘价为 80.10 美分 / 磅，较上周环比下降 1.05%。国内方面，本周纺企纱库存大幅下降，受需求市场回暖提振，本周郑棉主力合约重心上移，截止 1 月 5 日，郑棉主力合约收盘价 15615 元 / 吨，较上周环比上升 1.04%。,国际方面，USDA 在 12 月报告下调全球产量 11.8 万吨，其中美国和土耳其分别调减 6.8 万吨和 6.5 万吨。美国农业部 12 月报告下调美国棉花产量 7 万吨，当前预计产量为 278 万吨，较 2022/23 年 11 月报告同比下降 37 万吨。受恶劣天气影响，得州产量持续下调，当前得州单产已降至 421 磅 / 英亩。国内方面，预计 2023/24 年度棉花种植面积为 4350 万亩，USDA 在 12 月报告中 2023/24 年度棉花产量未作调整，保持在 588 万吨；上调棉花进口量 11 万吨。,USDA 在 12 月报告中下调 2023/24 年度全球消费量，主要来源于中国消费量的下调。USDA 下调美棉国内需求 4 万吨，出口需求未做调整；截止 1 月 21 日当周，2023/24 美陆地棉周度签约约 8.40 万吨，环比大幅上升 152.3%。国内方面预计 2023/24 年度棉花消费量 795 万吨，调减 21.8 万吨。目前受天气影响，下游需求小幅回暖，新增订单有所上升。,美棉方面，在外围能源市场提振及美元指数走弱的交织作用下，美棉在 80 美分上下震荡。国内方面，本周郑棉重心上移，从国内市场运行情况来看，目前新疆地区皮棉累计加工总量 505.96 万吨，本周皮棉加工量 19.6 万吨，环比减少 4.4 万吨，同比减少 9.4 万吨，国内日均加工量降至 3 万吨以下；国内整体加工进度超 90%。需求方面，元旦后棉纱及坯布库存快速去化，库存压力下降，后期订单双返谨慎乐观；下游开机率回升，对皮棉原料采购略有好转，对棉价底部存在支撑。下游好转将带动棉价重心上抬。,棉纱去库。
20251102,截至 10 月 31 日收盘，ICE 美棉期价环比上涨，主力 12 月合约收盘 65.56 美分 / 磅，环比上周上涨 1.38 美分 / 磅，涨幅 2.15%；郑棉期价窄幅震荡，主力 1 月合约收盘 13595 元 / 吨，环比上周上涨 55 元 / 吨，涨幅 0.41%。,BCO:1、截至 10 月 17 日，马托格罗索州大豆播种进度约 44%，同比快 18 个百分点，利好未来新棉播种。2、印度 CAI 预计 24/25 年度棉花产量 531.1 万吨，进口量 69.7 万吨。3、9 月我国棉花进口量 10 万吨，环比增加 3 万吨，增幅 42.9%；同比减少 2 万吨，减幅 18.7%。,BCO:1、8 月希腊出口棉花约 5493 吨，环比减少 23.0%；同比减少 45.5%。2、9 月日本服装进口额为 3722.76 亿日元，同比增加 7.52%，环比增加 13.12%。3、9 月孟加拉棉花进口约 15.2 万吨，环比增加 14.4%，同比增加 5.9%。4、9 月国内纱产量 207.4 万吨，同比增加 1.8%，环比增加 2.27%。,国际方面，ICE 美棉期价环比上涨，中美经贸磋商最新进程有利宏观市场环境。国内方面，新疆地区籽棉收购价格冲高后开始缓慢回落，新年度新花成本区间趋向固化。价差方面，郑棉 1-5 和 5-9 价差基本持平，期现基差和内外棉价差继续下跌走弱。策略方面，期货单边策略可暂时观望，价差可参考郑棉 1-5 价差正套策略，建议以 CF2601 区间策略为主（13400-13700 元 / 吨）。,宏观事件扰动，美元指数走势，新作籽棉收购价格预期及产量预期调整。
