report_id,价格方面,供给方面,需求方面,总结和策略,风险提示
20250119,截至 1 月 17 日收盘，ICE 美棉期价冲高回落，主力 3 月合约收盘 69.56 美分 / 磅；郑棉 5 月合约收盘 13660 元 / 吨。,BCO:1、2024 年 12 月我国棉花进口量 14 万吨，环比（11 万吨）增加 3 万吨，增幅 27.3%；同比（26 万吨）减少 12 万吨，减幅 48.7%。2024 年我国累计进口棉花 262 万吨，同比增加 33.8%。2024/25 年度（2024.9-2025.8）累计进口棉花 48 万吨，同比减少 56.4%。2、截止到 2025 年 1 月 18 日，新疆地区皮棉累计加工总量 634.60 万吨，同比增幅 19.08%。其中，自治区皮棉加工量 450.32 万吨，同比增幅 26.44%；兵团皮棉加工量 184.28 万吨，同比增幅 4.24%。18 日当日加工增量 1.35 万吨，同比减幅 11.78%。3、1 月 19 日，出疆棉公路运输价格指数为 0.1909 元 / 吨?公里，环比持平。近期运输需求和运力供给达到动态平衡，指数暂无变化。,BCO:1、临近春节，纱厂逢低补库，纱厂整体工业库存处于相对高位。月初由于下游以及部分贸易商有一定补库动作，纱厂成品库存从高位有所去化，但目前补库行情也基本告一段落。2、2025 年 1 月 6 日 - 1 月 12 日，公路出疆棉运输量总计 9.02 万吨，环比减少 1.87 万吨，减幅 17.2%，同比增加 2.13 万吨，增幅 31%。,国际方面，ICE 美棉下跌创今年新低，最新周的美棉出口销售环比提高。最新 CFTC 的基金持仓棉花净多率继续下降，市场对未来消费仍保持悲观预期，同时重点关注国际宏观事件对棉纺下游市场的扰动。近期国际油价震荡走强，美元指数保持高位震荡。海外下游市场的新订单和开机率表现为整体偏空。国内方面，郑棉期现基差开始下跌，内外棉价差继续环比提高，郑棉 5-9 价差环比走高。策略方面，CF2505 合约以逢高卖出交易为主。,宏观事件扰动，下游新订单变化。
20251019,截至 10 月 17 日收盘，ICE 美棉期价止跌反弹，主力 12 月合约收盘 64.29 美分 / 磅，环比上周上涨 0.52 美分 / 磅，涨幅 0.82%；郑棉期价止跌回升，主力 1 月合约收盘 13355 元 / 吨，环比上周上涨 10 元 / 吨，涨幅 0.08%。,BCO:1、CONAB 预估 2025/26 年度巴西棉花总产量 403.1 万吨，同比减少 1.9%。2、9 月份孟加拉服装出口额达 28.4 亿美元，同比下降 5.66%；环比下降 10.36%。3、9 月泰国棉花进口量约 9057 吨，环比减少 43.9%，同比增加 1.2%。4、南疆阿克苏、巴州区域机采棉收购价明显高于北疆，收购价在 6.2-6.3 元 / 公斤，北疆机采棉收购价在 6.0-6.1 元 / 公斤。,BCO:1、9 月份孟加拉服装出口额达 28.4 亿美元，同比下降 5.66%；环比下降 10.36%。2、8 月越南棉纺织品产量为 0.98 亿平方米，同比增加 3.39%；环比增加。服装产量 5.45 亿件，同比下降 21.28%，环比下降 7.34%。3、9 月中国棉纺织行业采购经理人指数（PMI）为 44.29%，较上月回升 1.58 个百分点，同比增加 0.4 个百分点，但仍位于荣枯线以下。4、9 月我国出口纺织品服装 244 亿美元，同比下降 4.2%，环比下降 7.99%；其中纺织品出口 119.7 亿美元，同比增加，环比减少 3.4%；服装出口 124.3 亿美元，同比下降 7.9%，环比下降 11.9%。,国际方面，ICE 美棉期价止跌反弹，国际宏观事件扰动影响进一步提高，国际原油价格整体偏弱运行。国内方面，10 月 BCO 数据将 25/26 年度总供应下调，期末库存下调，环比数据调整对价格利多。新疆地区籽棉收购价格整体表现为止跌回升，北疆地区本周交投逐渐明朗，同时市场开始关注长单分批次情况。价差方面，郑棉 1-5 与 5-9 价差环比持平，同时期现基差和内外棉价差环比下降。策略方面，期货单边策略可逢低买入做多，建议以 CF2601 区间策略为主（13300-13700 元 / 吨）。期权方面，目前棉棉期内期权波动率冲高回落至年内低位，建议以买入做多波动率策略为主。,宏观事件扰动，美元指数走势，新作籽棉收购价格预期及产量预期调整。
20231112,国际方面，截止 11 月 10 日，本周 ICE 美棉主力合约收盘价为 77.46 美分 / 磅，较上周环比下降 2.75%。国内方面，本周郑棉主力合约窄幅震荡。截止 11 月 10 日，郑棉主力合约收盘价 15710 元 / 吨，较上周环比下降 0.95%。,国际方面，USDA 在 11 月报告上调全球棉花产量 18 万吨，当前预计总产量 2470 万吨，较 2022/23 年 11 月报告同比下降 70 万吨。美国农业部 11 月报告上调美国棉花产量 6 万吨，当前预计产量为 285 万吨，较 2022/23 年 11 月报告同比下降 30 万吨。得州产量持续下调，但其他州有不同程度的产量上调，抵消了得州产量的减少。国内方面，预计 2023/24 年度棉花种植面积为 4350 万亩，USDA 在 11 月报告中 2023/24 年度棉花产量未作调整，保持在 588 万吨；上调棉花进口量 11 万吨。,USDA 在 11 月报告中下调消费量 11 万吨，当前预计消费量为 2510 万吨，较 2022/23 年 11 月报告同比上升 95 万吨。USDA 下调美棉国内需求 2 万吨，出口需求未做调整；本周美国陆地棉出口签约量 8.97 万吨，环比下降 14%，但明显高于前 4 周平均水平。国内方面预计 2023/24 年度棉花消费量 816 万吨，较上月未作调整，当前新棉销售迟缓，下游纱线订单不足、库存累积。,美棉方面，USDA 本月调高美棉产量，供给宽松，USDA 报告发布对美棉走势有利空作用。本周美棉出口签约量下降，陆地棉装运量降至本年度新低，美棉出口承压。国内方面，北疆棉花收购已进入尾声，个别棉农陆续交售，但因郑棉下跌，导致棉花收购价格和新棉销售价格走低，部分棉农因籽棉收购价格下跌，交售积极性不强。下游纺织企业信心不足，原料补库和生产均处于收缩状态，开机率持续下跌，对于后市预期较弱。基本面整体偏弱，预计棉价偏弱运行。,下游销售、需求压力。
