report_id,价格方面,需求方面,总结和策略,风险提示
20250928,截至 9 月 25 日收盘，ICE 美棉期价震荡下跌，主力 12 月合约收盘 66.33 美分 / 磅，环比上周上涨 0.03 美分 / 磅，涨幅 0.05%；郑棉期价震荡下跌，主力 1 月合约收盘 13455 元 / 吨，环比上周下降 315 元 / 吨，跌幅 2.30%。,BCO:1、8 月越南纺织服装出口额达 36.1 亿美元，同比均减少；环比减少为 17.07 万吨，同比均增加。2、8 月孟加拉服装出口额 31.68 亿美元，同比下降 4.75%；环比下降 20.5%。3、8 月我国棉布出口量 5.6 亿米，环比增加 2.7%，同比增加 14.20%。2025 年 1-8 月，我国棉布出口量 42 米，同比增加 10.50%。4、8 月我国棉纱出口量 3.09 万吨，环比增加 13.8%，同比增加 16.65%。2025 年 1-8 月我国累计纱出口量 22.6 万吨，同比增加 18.40%。,国际方面，ICE 美棉期价震荡下跌，CFTC 的基金持仓棉花净多率止跌企稳，近期美元指数走出强势反弹利空商品价格。市场下游开机率继续下降，关注后期下游消费变化情况。国内方面，新棉价格逐步企稳，压厂收购价与前期持平。同时，本月公布的新疆棉花产量上调符合预期。当前新疆新棉籽棉收购情绪转暖，郑棉期价本月表现为震荡偏弱。24/25 旧作的新疆棉花商业库存继续快速下降，纱厂和织布厂成品库存继续下降。价差方面，郑棉 9-1 价差呈偏强震荡，郑棉 1-5 价差维持去年水平。期现方面，期现基差环比提高后随购市场节奏，新棉市场对一口价销售资源更加关注，当前市场已表现出 25/26 年度新棉的销售基差则不会过于走跌的情况。策略方面，期货单边策略可逢低买入做多，建议以 CF2601 区间策略为主（13300-13800 元 / 吨）。期权方面，目前棉棉期内期权波动率冲高回落至年内低位，建议以买入做多波动率策略为主。,宏观事件扰动，美元指数走势，新作籽棉收购价格预期及产量预期调整。
20250615,截至 6 月 13 日收盘，ICE 美棉期价震荡下跌，主力 9 月合约收盘 67.90 美分 / 磅，跌幅 0.35%；郑棉期价继续反弹上涨，主力 9 月合约收盘 13495 元 / 吨，涨幅 1.01%。,BCO:1、6 月 BCO 资源表数据，环比 5 月将总需求量上调至 820 万吨，主要对纺纱消费提高 6 万吨，其他消费和出口未作出调整。2、2025 年，中国棉花纺织行业采购经理人指数（PMI）为 49.78，较上月上升 1.57 个百分点，位于枯荣线下方。3、5 月越南纺织品服装出口额为 32.9 亿美元，环比增长 7%，比去年同期增长 19%。5 月孟加拉国针织和机织成衣出口额为 39.2 亿美元，比 4 月份增长 6%，比去年同期增长 13%。3 月印度纺织品出口额为 20.8 亿美元，环比增长 4%，同比增长 5%。,国际方面，ICE 美棉震荡下跌，市场对当前消费预期仍维持悲观。最新的 6 月 USDA 数据调整对棉价形成一定利多支撑，主产棉国新作数据仍需进一步观察。近期国际油价事件驱动后大幅上涨，直接影响化纤价格止跌反弹。国际市场继续关注美元指数走势变化，贵金属价格继续维系下跌。最新一周的 CFTC 基金持仓棉花净多率继续下降，市场情绪维持偏空。国内方面，新疆棉花商业库存加速去库，纱厂和织造厂成品库存环比提高，国内织造厂开机率开始下降。价差方面，郑棉 9-1 和 5 价差围绕轴上下波动，期现基差相对平稳，内外棉价差窄幅震荡。策略方面，建议以 CF2509 区间策略为主。,宏观事件扰动，新作产量变化。
20240721,截至 7 月 19 日收盘，ICE 美棉期价震荡下跌，主力 12 月合约收盘 70.78 美分 / 磅，环比下跌 0.56 美分 / 磅，环比跌幅 0.78%。国内郑棉期价维持震荡走势，郑棉主力 9 月合约收盘至 14715 元 / 吨，环比上涨 245 元 / 吨，环比涨幅 1.69%。,BCO：1、2023/24 年度印度 5 月份的棉纱 (HS:5205 项下) 出口总量为 9.13 万吨，同比增加 13.87%，环比增加 4.18%。2、5 月，美国批发商服装及服装面料销售额为 130.75 亿美元，同比增加 5.95%；环比减少 0.01%。同期，美国批发商服装及服装面料库存额为 287.44 亿美元，同比减少 20.68%；环比减少 0.72%。美国批发商库存销售比为 2.2，同比减少 0.74；环比减少 0.01。国家统计局数据：1、2024 年 6 月份，社会消费品零售总额 40732 亿元，同比增长 2.0%，环比增长 3.88%。2024 年 1-6 月份，社会消费品零售总额 235969 亿元，同比增长 3.7%。6 月服装、鞋帽、针纺织品类商品零售额为 1237 亿元，同比减少 1.9%，环比增加 7.8%。1-6 月累计零售额为 7098 亿元，同比增加 1.3%。,国际方面，市场继续关注新年度总产量和期末库存变化。美陆地棉出口销售降至本年度最低水平，出口中国市场数据同样下降。国内方面，纱厂和织造厂成品库存处于较高水平，整体市场消费恢复不及预期。策略方面，套保策略以逢高反弹的期货空单 + CF2409C15000 及以上卖出期权策略为主。,国际和国内宏观环境变化，中国市场下游订单变化。
