report_id,价格方面,供给方面,需求方面,总结和策略,风险提示
20240922,截至 9 月 19 日收盘，ICE 美棉期价止跌后大幅反弹，主力 12 月合约收盘 73.56 美分 / 磅，环比收盘上涨 3.70 美分 / 磅，环比涨幅 5.30%。同期，国内郑棉期价跟随外盘开始反弹，郑棉 1 月合约收盘至 14075 元 / 吨，环比收盘上涨 530 元 / 吨，环比涨幅 3.91%。,BCO：1、截至 9 月 17 日全美干旱区域面积占比为 35.6%，较前一周（34.2%）环比增加 1.4 个百分点，处于近年中等偏高水平；其中极度及异常干旱面积占比在 2.8%，较前一周（2.4%）环比增加 0.4 个百分点，处于近年偏低水平。2、全国总面积重回 4000 万亩以上，总产增至 624 万吨，棉花整体丰产形势稳固。虽然前期市场对今年收购价格预期偏谨慎，轧花厂收购心理普遍理性，但在加工产能过剩的大背景下，从刚刚开秤的南疆手摘棉收购市场看，开秤价格高于前期预计，在 6.5 元 / 公斤左右，折皮棉成本在 14000 元 / 吨左右。,1、2024 年 8 月棉纱出口量 2.65 万吨，环比增加 16.69%，同比增加 35.9%；出口金额 1 亿美元，环比增加 1%，同比增加 27.25%。1-8 月我国累计棉纱出口量 19.21 万吨，同比增加 20.32%；累计出口金额 7.84 亿美元，同比增加 19.59%。2、2024 年 8 月棉制品出口量 64.16 万吨，同比增加 9.58%，环比增加 7.47%；出口金额 58.77 亿美元，同比减少 4.73%，环比增加 0.59%；出口单价为 9.16 美元 / 千克，同比下跌 13.06%，环比下跌 6.41%。2024 年 1-8 月棉制品出口量为 450.65 万吨，同比增加 7.01%；出口金额 477.89 亿美元，同比减少 0.97%；出口单价为 10.6 美元 / 千克，同比下跌 7.46%。TTEB：1、巴基斯坦统计局（PBS）最新公布的数据显示，2024 年 8 月巴基斯坦纺织总出口金额高达 16.44 亿美元，环比 7 月提高 3.73 亿美元，同期去年同期提高 12.99%，创 2023 年以来的最高值。截止 2024 年 1-8 月，巴纺织出口累计金额在 112.87 亿美元左右，远超去年累计同期的 105.5 亿美元。,国际方面，本周 ICE 美棉期价止跌后大幅反弹，美联储降息表现和产区天气变化对棉价形成支撑。最新周的 CFTC 基金净多率在跌至年内新低后快速反弹，空单减持明显。国内方面，期现基差和内外棉价差环比继续下降，郑棉 1-5 跨月价差环比持平，短期期货价格同样出现止跌走势。策略方面，择机逢低止盈前期空单头寸。对 CF2501 期货和期权合约执行宽幅震荡的交易策略，可参考 CF2501C14800 以上卖出看涨期权，CF2501P13000 以下卖出看跌期权。,宏观事件驱动，产区气象变化。
20240128,国际方面，截止 1 月 26 日，本周 ICE 美棉主力合约收盘价为 84.46 美分 / 磅，较上周环比上升 0.68%。国内方面，本周郑棉期货主力合约震荡上行，周度涨幅 0.35%。,国际方面，USDA 在 1 月报告中上调 2023/24 年度全球产量 6 万吨，主要体现在对中国产量上调 11 万吨；美国产量再次下调 8 万吨，主要原因为美棉收获面积的大幅下滑。受恶劣天气影响，得州产量持续下调，当前得州单产已降至 498 磅 / 英亩。国内方面，预计 2023/24 年度棉花种植面积为 4350 万亩，USDA 在 1 月报告中上调 2023/24 年度棉花产量 11 万吨，目前预计产量 599 万吨；上调棉花进口量 11 万吨。,USDA 大幅下调消费量 28 万吨，对印度、土耳其、巴基斯坦消费量分别下调 7 万吨、2 万吨、4 万吨；出口量上调 2 万吨，主要源于印度出口国别预期的小幅缩减；最终期末库存未作 43 万吨，印度和中国期末库存都继续维持原幅度；截止 1 月 18 日当周，2023/24 美陆地棉周度签约约 4.70 万吨，环比下降 51%，成品加速去库，对原料需求有所上升。国内方面预计 2023/24 年度棉花消费量 795 万吨，未作调整。目前受天气影响，季节性订单增加，下游需求回暖，成品加速去库，对原料需求有所上升。,美棉方面，2024 年 1 月 18 日当周，美棉周度签约量和装运量环比下降，美棉出口销售数据相对利空，国棉价格。国内方面，本周郑棉上移，从国内市场运行情况来看，新棉持续到厂，目前国内整体加工进度已超过 99%，1 月底前新疆棉花加工或将结束；同时，进口棉陆续到港，国内棉花供应充足。需求方面，市场呈现温暖态势，纺织市场纱线、坯布库存均已下降至较低水平，本周库存小幅回调。目前前期纺企订单仍在执行，开机率保持高位，棉花库存持续消耗；但节前备货已进入尾声，纺企开机陆续进入放假阶段，预计需求逐渐下滑。近期重点关注设备备货及市场情绪变化情况。,纺企备货节奏，市场情绪变化。
20250622,截至 6 月 20 日收盘，ICE 美棉期价震荡下跌，主力 12 月合约收盘 66.76 美分 / 磅，跌幅 1.68%；郑棉期价窄幅震荡，主力 9 月合约收盘 13495 元 / 吨，环比上周持平。,BCO:1、2025 年 5 月，我国棉布进口数为 2579.70 万米，同比减少 12.13%，环比减少 30.73%；进口重量为 3192.36 吨，同比减少 32.63%，环比减少 27.05%；进口金额为 236.14 万美元，同比减少 31.83%，环比减少 23.17%。2、截至 6 月 20 日，出疆棉公路运输价格指数为 0.1200 元 / 吨?公里，环比持平。近一个月以来出疆棉价格整体呈现为下降趋势。,BCO:1、2025 年 5 月棉纱出口量 2.79 万吨，环比下降 5.19%，同比增加 6.53%，在近五年同期棉纱出口中处于最高水平；出口金额 1.04 亿美元，环比下降 11.3%，同比增加 10.4%，在近五年同期棉纱出口中处于中等水平。2、2025 年 5 月棉布出口量 6.55 万吨，同比增加 5.85%，环比增加 33.0%；出口金额 6.21 亿美元，同比减少 4.48%，环比增加 4.13%；出口单价为 9.33 美元 / 千克，同比下跌 11.98%，环比上涨 0.76%。3、2025 年 5 月，全国服装、鞋帽、针纺织品类商品零售额为 1222 亿元，同比增长 4.0%，环比增长 12.59%。5 月累计零售额为 6131 亿元，同比增长 3%。2025 年 5 月，社会消费品零售总额 41326 亿元，同比增长 6.4%，环比增长 11.17%。2025 年 1-5 月份，社会消费品零售总额 203171 亿元，同比增长 10%。,国际方面，ICE 美棉期价大幅下跌，市场对当前消费预期仍维持悲观。美棉最新一周出口销售数据环比提高，最新一周的 CFTC 基金持仓棉花净多率继续下降，市场情绪维持偏空。国内方面，新疆棉花商业库存加速去库，市场下游订单和出口数据表现基本符合市场预期。价差方面，郑棉 9-1 和 5 价差围绕轴上下波动，期现基差和内外棉价差继续维持上涨。策略方面，择机可逢高卖出，建议以 CF2509 区间策略为主。,宏观事件扰动，新作产量预期调整。
