report_id,高频数据观察,工业,地产,内需,价格,风险提示
2025-07-20_平安证券_中国宏观周报：原材料生产呈现韧性.pdf,从高频数据观察，本周中国工业生产环比大多恢复，尤其是原材料生产 呈现韧性，或得益于价格的边际回稳；需求端线下经济活跃度仍高，7 月 以来家电和汽车零售保持增长势头，且外需存在边际回稳迹象。,原材料生产呈现韧性。1）原材料方面，本周日均铁水产量边际提 升，水泥熟料产能利用率、石油沥青开工率、山东地炼及部分化工品开 工率提升，浮法玻璃开工率持平于上周；钢铁建材产量和表观需求季节 性调整，产需表现更为匹配。本周南华工业品指数环比上涨 0.76%，价 格的回稳或有助于原材料生产的恢复。2）中下游方面，本周汽车轮胎半 钢胎和全钢胎开工率环比回升，纺织聚酯开工率、聚酯织造业开工率季 节性调整。,新房成交有所调整。1）销售方面，本周 30 大中城市新房销售面 积同比增长-27.9%；7 月以来（截至 18 日）30 大中城市新房销售面积 同比增长-24.0%，较上月有所调整。2）价格方面，截至 7 月 7 日，近 四周二手房出售挂牌价指数环比-0.32%。,7 月以来家电和汽车零售保持增长势头，本周出行热度仍较高。 1）汽车：据乘联会统计，7 月 1-13 日，全国乘用车市场零售 57.1 万辆， 同比去年 7 月同期增长 7%，6 月同比增长 15%。2）家电：截至 7 月 11 日，近四周主要家电零售额同比增长 12.6%，较上周提升 2.3 个百分点。 3）快递：截至 7 月 13 日，近四周邮政快递揽收量同比增长 15.7%。4） 电影：本周（截至 7 月 18 日）日均电影票房收入 10118 万元，较上周 环比增长 9.7%，季节性提升。5）出行：本周（截至 7 月 18 日）百度迁 徙指数同比增长 16.6%，增速较上周提升 2.5 个百分点；国内执行航班 同比增长 2.6%，增速较上周提升 0.3 个百分点。,,稳增长政策不及预期，海外经济衰退程度超预期，地缘政治 冲突升级等。
2025-09-29_平安证券_中国宏观周报：原材料生产边际恢复.pdf,从高频数据观察，本周原材料生产边际恢复，电影票房热度较高，新房成 交同比维持韧性，国内航班受天气扰动略弱于去年。9 月以来，港口集装 箱吞吐量增速提升，汽车、家电零售同比增速回落。,原材料生产恢复。1）原材料方面，本周日均铁水产量、水泥熟料产 能利用率、石油沥青开工率、多数化工品开工率边际提升；浮法玻璃开工 率持平。2）中下游方面，本周纺织聚酯开工率环比微降，织造业开工率季 节性回升；汽车全钢胎开工率微降，半钢胎开工率回升。,新房成交同比维持增势。1）销售方面，本周（截至 9 月 26 日）30 大中城市新房销售面积同比增长-2.2%，增速较上周边际回落；9 月以来， 30 大中城市新房销售面积同比增长 11.5%，较上月由负转正。2）价格方 面，截至 9 月 15 日，近四周二手房出售挂牌价指数环比-0.73%，存在以 价换量特征。,本周电影票房表现仍强，9 月以来汽车、家电零售同比略有回落。 1）汽车：据乘联会统计，9 月 1-21 日，全国乘用车市场零售同比增长 1%， 8 月同比增长 3%；乘联会初步推算 9 月狭义乘用车零售同比增长 2.0%。 2）家电：截至 9 月 12 日，近四周主要家电零售额同比增长 4.0%，较 8 月末回落 1.3 个百分点。3）快递：截至 9 月 21 日，近四周邮政快递揽收 量同比增长 11.9%，较上周提升 1.7 个百分点，较 8 月末回落 0.1 个百分 点。4）出行：本周（截至 9 月 26 日）国内执行航班同比增长-1.9%，增 速较上周回落 7.6 个百分点，受台风天气影响；百度迁徙指数 同比增长 16.8%，增速较上周恢复。5）电影：本周（截至 9 月 26 日）日均电影票 房收入 13885 万元，同比增长 275.8%，增速较上周明显提升。,工业品价格分化。本周南华工业品指数下跌 0.1%，南华黑色原材料 指数下跌 2.2%，南华有色金属指数上涨 0.7%。本周螺纹钢期货收盘价下 跌 1.8%，现货价格下跌 0.4%；本周焦煤期货收盘价下跌 2.9%，山西焦 煤现货上涨 4.6%。,稳增长政策不及预期，海外经济衰退程度超预期，地缘政治 冲突升级等。
2025-08-04_平安证券_中国宏观周报：工业品期货降温.pdf,从高频数据观察，本周中国工业生产存在分化，原材料生产呈现相对韧性。 需求方面，本周电影票房强于去年同期，线下出行热度也有提升；7 月份家 电零售较快增长，外需货运也有恢复。价格方面，工业品期货价格降温，但 焦煤和螺纹钢现货价格表现强于期货。,生产有所分化。1）原材料方面，本周石油沥青、山东地炼和部分化 工品开工率恢复，水泥熟料产能利用率、浮法玻璃开工率基本持平上周；不 过，日均铁水产量、钢铁建材的产量和表观需求边际回落。2）中下游方面， 本周汽车半钢胎和全钢胎开工率，纺织聚酯、聚酯织造业开工率季节性调整。,新房成交有所调整。1）销售方面，本周（截至 8 月 1 日）30 大中城 市新房销售面积同比增长-18.4%；7 月（截至 31 日），30 大中城市新房销 售面积同比增长-19.3%，较上月有所调整。2）价格方面，截至 7 月 21 日， 近四周二手房出售挂牌价指数环比-0.48%。,本周电影票房强于去年同期，7 月以来家电零售较快增长，汽车零售 保持增长势头。1）汽车：据乘联会统计，7 月 1-27 日，全国乘用车市场零 售 144.5 万辆，同比增长 9%，6 月同比增长 15%。乘联会初步推算 7 月狭 义乘用车零售总市场约为 185 万辆左右，同比去年增长 7.6%。2）家电：截 至 7 月 25 日，近四周主要家电零售额同比增长 18.5%，较快增长。3）快 递：截至 7 月 27 日，近四周邮政快递揽收量同比增长 15.1%。4）电影：本 周（截至 8 月 1 日）日均电影票房收入 2.3 亿元，同比增长 27.9%，增速由 负转正。据央视新闻报道，7 月 25 日至 10 月 8 日期间，北京市投入 1000 万元惠民补贴，通过线上购票平台，市民最低可享 19.9 元观影。5）出行： 本周（截至 8 月 1 日）国内执行航班同比增长 1.6%，增速基本持平上周； 百度迁徙指数同比增长 18.9%，增速较上周提升 4.1 个百分点。,工业品期货价格降温。本周南华工业品指数下跌 3.8%，南华黑色原 材料指数下跌 5.6%；螺纹钢期货收盘价下跌 4.6%，现货价格下跌 2.3%； 焦煤期货收盘价下跌 13.2%，现货上涨 1.2%。,稳增长政策不及预期，海外经济衰退程度超预期，地缘政治 冲突升级等。
