report_id,高频数据观察,工业,地产,内需,外需,价格,风险提示
2025-08-25_平安证券_中国宏观周报：工业品期货再降温.pdf,本周线下出行继续恢复，电影票房强于去年同期，8 月以来汽车零 售、家电零售和邮政快递同比略有回落。1）汽车：据乘联会统计，8 月 1- 17 日，全国乘用车市场零售 86.6 万辆，同比增长 2%，7 月同比增长 7%。 2）家电：截至 8 月 15 日，近四周主要家电零售额同比增长 1.2%。3）快 递：截至 8 月 17 日，近四周邮政快递揽收量同比增长 13.5%，较上周回 落 0.5 个百分点，较 7 月末回落 1.6 个百分点。4）电影：本周（截至 8 月 22 日）日均电影票房收入 17670 万元，同比增长 14.9%。5）出行：本周 （截至 8 月 22 日）国内执行航班同比增长 3.2%，增速较上周提升 1.5 个 百分点；百度迁徙指数同比增长 20.6%，增速较上周提升 3.0 个百分点。,生产总体平稳。1）原材料方面，本周日均铁水产量、钢铁板材产量 和表观需求环比提升，部分化工品开工率提升；浮法玻璃开工率基本持平 上周；水泥熟料产能利用率、石油沥青开工率边际调整。2）中下游方面， 本周纺织聚酯开工率、织造业开工率季节性回升；汽车全钢胎开工率、半 钢胎开工率均有回升。,新房成交同比企稳。1）销售方面，本周（截至 8 月 22 日）30 大 中城市新房销售面积同比增长-12.5%；8 月以来 30 大中城市新房销售面 积同比增长-13.1%，较上月提升 6.1 个百分点。2）价格方面，截至 8 月 11 日，近四周二手房出售挂牌价指数环比-0.37%。,从高频数据观察，本周中国工业生产总体平稳，线下出行活动继续恢复， 电影票房收入强于去年同期，新房成交在低基数下回稳。不过，工业品期 货价格进一步降温，焦煤、纯碱、焦炭、螺纹钢等商品期货领跌。,1）港口货运：截至 8 月 17 日，近四周港口完成货物吞吐量同比增 长 5.4%，较上周回落 1.4 个百分点，较 7 月末回落；近四周港口完成集 装箱吞吐量同比增长 5.0%，较上周提升 0.9 个百分点，较 7 月末回落。 2）韩国出口：8 月前 20 日韩国出口金额同比增长 7.6%，增速较 7 月提 升 1.7 个百分点。3）运价：本周中国出口集装箱运价指数环比-1.5%，宁 波、上海出口集装箱运价继续调整。,工业品期货价格下跌。本周南华工业品指数下跌 0.7%，南华黑色原 材料指数下跌 2.0%，主要工业品中焦煤、纯碱、焦炭、螺纹钢等商品期货 领跌。本周螺纹钢期货收盘价下跌 2.2%，现货价格下跌 1.5%；本周焦煤 期货收盘价下跌 5.5%，山西焦煤现货上涨 0.3%。,稳增长政策不及预期，海外经济衰退程度超预期，地缘政治 冲突升级等。
2025-12-29_平安证券_中国宏观周报：出口集装箱运价三连升.pdf,本周电影票房收入同比仍处高位，线下出行热度继续回落；12 月以来汽 车、家电零售及邮政快递揽收量边际走弱。1）汽车：据乘联会统计，12 月 1- 21 日，全国乘用车市场零售 130.0 万辆，同比-19%，11 月同比-7%。2）家电： 截至 12 月 19 日，近四周主要家电零售额同比-34.4%，较前值回落 0.8 个百分 点，较 11 月末回落 11.3 个百分点。3）快递：截至 12 月 21 日，近四周邮政快 递揽收量同比增长 1.8%，较前值回落 2.0 个百分点，较上月末回落 4.6 个百分 点。4）出行：本周（截至 12 月 26 日）国内执行航班同比增长 1.7%，增速较 上周回落 0.1 个百分点；百度迁徙指数同比增长 12.2%，增速较上周回落 1.3 个 百分点。5）电影：本周（截至 12 月 25 日）日均电影票房收入 11810 万元， 同比 108.5%，增速较上周提升。,原材料生产季节性调整。1）原材料方面，本周钢铁建材和板材产量回落， 同时板材表观需求回升；水泥熟料产能利用率、浮法玻璃开工率、部分化工品开 工率回落；石油沥青开工率提升。2）中下游方面，本周纺织聚酯开工率、织造 业开工率季节性走弱；汽车半钢胎开工率提升，全钢胎开工率回落。,12 月以来新房成交初步企稳。1）销售方面，本周（截至 12 月 26 日） 30 大中城市新房销售面积同比-25.2%；12 月以来，30 大中城市新房销售面积 同比-27.4%，较上月提升 3.0 个百分点。2）截至 12 月 15 日，近四周二手房出 售挂牌价指数环比-0.62%，跌幅继续收窄。,从高频数据观察，本周原材料生产延续季节性调整，线下出行冬季热度回落， 12 月以来汽车、家电零售及邮政快递揽收量边际走弱。不过，电影票房表现仍 强，新房成交边际企稳，港口货运处于高位，出口集装箱运价连续三周回升， 体现外需韧性。,港口货运处于高位，出口集装箱运价回升。1）港口货运：截至 12 月21 日，近四周港口完成货物吞吐量同比增长 3.1%，较前值回落 0.3 个百分点，较 上月末回落 0.2 个百分点。近四周港口完成集装箱吞吐量同比增长 9.1%，较前 值回落 1.5 个百分点，较上月末回落 0.5 个百分点。2）韩国出口：12 月前 20 个工作日韩国出口金额同比增长 3.6%，增速较 11 月全月回落 4.8 个百分点。 3）运价：本周中国出口集装箱运价指数环比增长 2.0%，连续三周回升。4）海 外 PMI：12 月欧元区制造业 PMI 指数 49.2%，较上月回落 0.4 个百分点。11 月 美国制造业 PMI 指数 52.2%，较上月回落 0.3 个百分点。,有色金属价格上涨。工业品方面，本周南华工业品指数上涨 2.8%，南华 黑色原材料指数下跌 0.1%，南华有色金属指数上涨 5.0%。本周螺纹钢期货收 盘价基本持平，现货价格下跌 0.3%。本周焦煤期货收盘价上涨 0.7%，山西焦 煤现货下跌 0.1%。农产品方面，本周农产品批发价格 200 指数环比下跌 0.4%， 同比强于去年同期。,稳增长政策不及预期，海外经济衰退程度超预期，地缘政治 冲突升级等。
2025-08-18_平安证券_中国宏观周报：新房成交同比初步企稳.pdf,本周线下出行边际恢复，电影票房延续强势表现，8 月上旬汽车零 售和邮政快递同比略有回落。1）汽车：据乘联会统计，8 月 1-10 日，全 国乘用车市场零售 45.2 万辆，同比下降 4%，7 月同比增长 7%。2）家电： 截至 8 月 1 日，近四周主要家电零售额同比增长 10.5%。3）快递：截至 8 月 10 日，近四周邮政快递揽收量同比增长 14.0%，较上周回落 0.6 个百 分点，较 7 月末回落 1.1 个百分点。4）电影：本周（截至 8 月 15 日）日 均电影票房收入 20674 万元，同比增长 46.2%。5）出行：本周（截至 8 月 15 日）国内执行航班同比增长 1.6%，增速较上周提升 2.0 个百分点； 百度迁徙指数同比增长 17.7%，增速较上周提升 8.9 个百分点。,生产总体平稳。1）原材料方面，本周日均铁水产量、钢铁板材产量 和表观需求环比提升，石油沥青、山东地炼开工率及部分化工品开工率提 升；浮法玻璃开工率基本持平上周；仅水泥熟料产能利用率边际调整。2） 中下游方面，本周聚酯织造业开工率、汽车全钢胎开工率环比回升，纺织 聚酯开工率持平上周，汽车半钢胎开工率有所调整。,新房成交同比企稳回升。1）销售方面，本周（截至 8 月 15 日）30 大中城市新房销售面积同比增长-8.9%，增速较上周提升 6.2 个百分点；8 月以来同比增长-14.2%，较上月提升 5.0 个百分点。2）价格方面，截至 8 月 4 日，近四周二手房出售挂牌价指数环比-0.42%。,从高频数据观察，本周中国工业生产和黑色原材料价格总体平稳，线下出 行活动边际恢复，电影票房收入延续强势表现。8 月初港口货运及韩国出 口增速存在一定调整，汽车零售和邮政快递同比略有回落。亮点在于，新 房成交面积同比增速提升，尽管存在低基数影响，但也呈现初步回稳迹象。,1）港口货运：截至 8 月 10 日，近四周港口完成货物吞吐量同比增 长 6.8%，持平上周，较 7 月末回落；近四周港口完成集装箱吞吐量同比 增长 4.1%，较上周提升 1.7 个百分点，较 7 月末回落。2）韩国出口：8 月前 10 日韩国出口金额同比增长-4.3%，增速较 7 月回落 10.2 个百分点。 3）运价：本周中国出口集装箱运价指数环比-0.6%，宁波、上海出口集装 箱运价继续调整。,黑色原材料期货价格总体平稳。本周南华工业品指数上涨 0.4%，南 华黑色原材料指数基本持平上周；本周螺纹钢期货收盘价下跌 0.8%，现 货价格下跌 0.3%；焦煤期货收盘价上涨 0.2%，山西焦煤现货下跌 0.6%。,稳增长政策不及预期，海外经济衰退程度超预期，地缘政治 冲突升级等。
