report_id,高频数据观察,工业,地产,内需,外需,价格,风险提示
2025-08-18_平安证券_中国宏观周报：新房成交同比初步企稳.pdf,从高频数据观察，本周中国工业生产和黑色原材料价格总体平稳，线下出 行活动边际恢复，电影票房收入延续强势表现。8 月初港口货运及韩国出 口增速存在一定调整，汽车零售和邮政快递同比略有回落。亮点在于，新 房成交面积同比增速提升，尽管存在低基数影响，但也呈现初步回稳迹象。,新房成交同比企稳回升。1）销售方面，本周（截至 8 月 15 日）30 大中城市新房销售面积同比增长-8.9%，增速较上周提升 6.2 个百分点；8 月以来同比增长-14.2%，较上月提升 5.0 个百分点。2）价格方面，截至 8 月 4 日，近四周二手房出售挂牌价指数环比-0.42%。,生产总体平稳。1）原材料方面，本周日均铁水产量、钢铁板材产量 和表观需求环比提升，石油沥青、山东地炼开工率及部分化工品开工率提 升；浮法玻璃开工率基本持平上周；仅水泥熟料产能利用率边际调整。2） 中下游方面，本周聚酯织造业开工率、汽车全钢胎开工率环比回升，纺织 聚酯开工率持平上周，汽车半钢胎开工率有所调整。,本周线下出行边际恢复，电影票房延续强势表现，8 月上旬汽车零 售和邮政快递同比略有回落。1）汽车：据乘联会统计，8 月 1-10 日，全 国乘用车市场零售 45.2 万辆，同比下降 4%，7 月同比增长 7%。2）家电： 截至 8 月 1 日，近四周主要家电零售额同比增长 10.5%。3）快递：截至 8 月 10 日，近四周邮政快递揽收量同比增长 14.0%，较上周回落 0.6 个百 分点，较 7 月末回落 1.1 个百分点。4）电影：本周（截至 8 月 15 日）日 均电影票房收入 20674 万元，同比增长 46.2%。5）出行：本周（截至 8 月 15 日）国内执行航班同比增长 1.6%，增速较上周提升 2.0 个百分点； 百度迁徙指数同比增长 17.7%，增速较上周提升 8.9 个百分点。,1）港口货运：截至 8 月 10 日，近四周港口完成货物吞吐量同比增 长 6.8%，持平上周，较 7 月末回落；近四周港口完成集装箱吞吐量同比 增长 4.1%，较上周提升 1.7 个百分点，较 7 月末回落。2）韩国出口：8 月前 10 日韩国出口金额同比增长-4.3%，增速较 7 月回落 10.2 个百分点。 3）运价：本周中国出口集装箱运价指数环比-0.6%，宁波、上海出口集装 箱运价继续调整。,黑色原材料期货价格总体平稳。本周南华工业品指数上涨 0.4%，南 华黑色原材料指数基本持平上周；本周螺纹钢期货收盘价下跌 0.8%，现 货价格下跌 0.3%；焦煤期货收盘价上涨 0.2%，山西焦煤现货下跌 0.6%。,稳增长政策不及预期，海外经济衰退程度超预期，地缘政治 冲突升级等。
2025-07-20_平安证券_中国宏观周报：原材料生产呈现韧性.pdf,从高频数据观察，本周中国工业生产环比大多恢复，尤其是原材料生产 呈现韧性，或得益于价格的边际回稳；需求端线下经济活跃度仍高，7 月 以来家电和汽车零售保持增长势头，且外需存在边际回稳迹象。,新房成交有所调整。1）销售方面，本周 30 大中城市新房销售面 积同比增长-27.9%；7 月以来（截至 18 日）30 大中城市新房销售面积 同比增长-24.0%，较上月有所调整。2）价格方面，截至 7 月 7 日，近 四周二手房出售挂牌价指数环比-0.32%。,原材料生产呈现韧性。1）原材料方面，本周日均铁水产量边际提 升，水泥熟料产能利用率、石油沥青开工率、山东地炼及部分化工品开 工率提升，浮法玻璃开工率持平于上周；钢铁建材产量和表观需求季节 性调整，产需表现更为匹配。本周南华工业品指数环比上涨 0.76%，价 格的回稳或有助于原材料生产的恢复。2）中下游方面，本周汽车轮胎半 钢胎和全钢胎开工率环比回升，纺织聚酯开工率、聚酯织造业开工率季 节性调整。,7 月以来家电和汽车零售保持增长势头，本周出行热度仍较高。 1）汽车：据乘联会统计，7 月 1-13 日，全国乘用车市场零售 57.1 万辆， 同比去年 7 月同期增长 7%，6 月同比增长 15%。2）家电：截至 7 月 11 日，近四周主要家电零售额同比增长 12.6%，较上周提升 2.3 个百分点。 3）快递：截至 7 月 13 日，近四周邮政快递揽收量同比增长 15.7%。4） 电影：本周（截至 7 月 18 日）日均电影票房收入 10118 万元，较上周 环比增长 9.7%，季节性提升。5）出行：本周（截至 7 月 18 日）百度迁 徙指数同比增长 16.6%，增速较上周提升 2.5 个百分点；国内执行航班 同比增长 2.6%，增速较上周提升 0.3 个百分点。,7 月以来港口货运同比增速回升，韩国出口也有恢复。1）港口货 运：截至 7 月 13 日，近四周港口完成货物吞吐量同比增长 6.3%，较上 周提升 2.2 个百分点；近四周港口完成集装箱吞吐量同比增长 4.4%，较 上周略回落 0.1 个百分点。2）韩国出口：7 月前 10 日韩国出口金额同 比增长 9.5%，较 6 月增速提升 5.2 个百分点。3）运价：本周中国出口 集装箱运价指数环比-0.8%，宁波、上海出口集装箱运价继续调整。,,稳增长政策不及预期，海外经济衰退程度超预期，地缘政治 冲突升级等。
2025-09-01_平安证券_中国宏观周报：外需韧性显现.pdf,从高频数据观察，本周中国工业生产分化，新房成交在低基数下回稳，电 影票房收入仍强。8 月以来外需呈现韧性，中国港口集装箱吞吐量、韩国 前 20 日出口、欧美制造业 PMI均较上月恢复，部分区域运价率先企稳。,新房成交同比企稳。1）销售方面，本周（截至 8 月 29 日）30 大 中城市新房销售面积同比增长 0.3%，增速较上周提升；8 月以来 30 大中 城市新房销售面积同比增长-9.4%，较上月提升 9.9 个百分点。2）价格方 面，截至 8 月 18 日，近四周二手房出售挂牌价指数环比-0.44%。,生产存在分化。1）原材料方面，本周日均铁水产量、浮法玻璃开工 率、钢铁建材产量和表观需求环比提升；水泥熟料产能利用率、石油沥青 及部分化工品开工率边际调整。2）中下游方面，本周纺织聚酯开工率、织 造业开工率季节性回升；汽车全钢胎开工率、半钢胎开工率边际回落。,本周电影票房强于去年同期，8 月以来汽车零售、家电零售和邮政 快递同比略有回落。1）汽车：据乘联会统计，8 月 1-24 日，全国乘用车 市场零售 128.5 万辆，同比增长 3%，7 月同比增长 7%。2）家电：截至 8 月 22 日，近四周主要家电零售额同比增长 4.7%，较上周提升 3.4 个百 分点，较月初回落。3）快递：截至 8 月 24 日，近四周邮政快递揽收量同 比增长 12.9%，较上周回落 0.6 个百分点，较 7 月末回落 2.2 个百分点。 4）出行：本周（截至 8 月 29 日）国内执行航班同比增长 2.0%，增速较 上周回落 1.1 个百分点；百度迁徙指数同比增长 9.1%，增速较上周回落。 5）电影：本周（截至 8 月 29 日）日均电影票房收入 15240 万元，同比增 长 32.2%，增速较上周提升 17.4 个百分点。,1）港口货运：截至 8 月 24 日，近四周港口完成货物吞吐量同比增 长 4.7%，较上周回落 0.7 个百分点，较 7 月末回落；近四周港口完成集 装箱吞吐量同比增长 5.9%，较上周提升 0.9 个百分点，较 7 月末提升 0.3 个百分点。2）韩国出口：8 月前 20 日韩国出口金额同比增长 7.6%，增速 较 7 月提升 1.7 个百分点。3）运价：本周中国出口集装箱运价指数环比1.6%，但领先总体运价的宁波、上海出口集装箱运价明显反弹。4）海外 PMI：8 月欧元区制造业 PMI 指数 50.5%，较 7 月提升 0.7 个百分点；美 国制造业 PMI 指数 53.3%，较 7 月提升 3.5 个百分点。,工业品期货分化，现货价格略强于期货。本周南华工业品指数下跌 0.4%，但南华黑色原材料指数、南华有色金属指数分别上涨 0.4%、0.5%。 本周螺纹钢期货收盘价下跌 0.9%，现货价格下跌 0.3%；本周焦煤期货收 盘价下跌 0.9%，山西焦煤现货上涨 0.1%。,稳增长政策不及预期，海外经济衰退程度超预期，地缘政治 冲突升级等。
