report_id,高频数据观察,工业,地产,内需,外需,价格,风险提示
2025-11-24_平安证券_中国宏观周报：农产品批发价季节性回落.pdf,从高频数据观察，本周部分行业生产步入淡季，边际有所调整；需求端存在韧 性，电影票房及线下出行增速提升，新房成交边际企稳，邮政快递揽收恢复。 此外，本周农产品批发价格 200 指数环比由升转降，符合季节性表现。,生产季节性调整。1）原材料方面，本周钢铁建材和板材产量和表观需 求回升，部分化工品开工率提升；浮法玻璃开工率、石油沥青开工率、水泥熟 料产能利用率回落。2）中下游方面，本周纺织聚酯开工率回升，织造业开工 率季节性走弱；汽车全钢胎开工率、半钢胎开工率小幅回落。,新房成交边际企稳。1）销售方面，本周（截至 11 月 21 日）30 大中城 市新房销售面积同比-20.8%，增速较上周提升 8.7 个百分点；11 月以来，30 大中城市新房销售面积同比-25.5%，较上月提升 2.1 个百分点。2）价格方面， 截至 11 月 10 日，近四周二手房出售挂牌价指数环比-0.98%，跌幅略收窄。,本周电影票房收入同比提升，线下出行也有恢复； 11 月以来邮政快递 揽收量恢复，汽车和家电零售边际走弱。1）汽车：据乘联会统计，11 月 1-16 日，全国乘用车市场零售 88.6 万辆，同比-14%，10 月同比增长 6%；乘联会 初步推算本月狭义乘用车零售 225 万辆左右，同比-8.7%。2）家电：截至 11 月 7 日，近四周主要家电零售额同比-34.6%，较前值回落 7.2 个百分点。3） 快递：截至 11 月 16 日，近四周邮政快递揽收量同比增长 8.3%，较前值提升 0.3 个百分点，较上月末提升 2.7 个百分点。4）出行：本周（截至 11 月 21 日）国内执行航班同比增长 2.0%，增速较上周提升 0.7 个百分点；百度迁徙 指数同比增长 18.3%，增速较上周提升 4.3 个百分点。5）电影：本周（截至 11 月 21 日）日均电影票房收入 8389 万元，同比 74.7%，增速提升。,港口货运维持高位。1）港口：截至 11 月 16 日，近四周港口完成货物 吞吐量同比增长 3.4%，较前值回落 0.2 个百分点，较上月末提升 2.6 个百分 点；近四周港口完成集装箱吞吐量同比增长 7.4%，较前值回落 1.5 个百分点， 较上月末提升 0.7 个百分点。2）韩国出口：11 月前 20 日韩国出口金额同比 增长 8.2%，增速较 10 月提升 23.6 个百分点。3）运价：本周中国出口集装 箱运价指数环比上升 2.6%，领先总体运价的上海和宁波出口集装箱运价本周 环比回落。4）海外 PMI：10 月欧元区制造业 PMI 指数 50.0%，较 9 月提升 0.2 个百分点；10 月美国制造业 PMI 指数 52.5%，较 9 月提升 0.5 个百分点。,工业品价格走弱，农产品批发价季节性回落。工业品方面，本周南华工 业品指数下跌 1.9%，南华黑色原材料指数下跌 0.4%，南华有色金属指数下跌 1.5%。本周螺纹钢期货收盘价上涨 0.1%，现货价格上涨 0.8%；本周焦煤期 货收盘价下跌 7.5%，山西焦煤现货下跌 1.6%。农产品方面，本周农产品批发 价格 200 指数环比回落 0.1%，由升转降，符合季节性表现。,稳增长政策不及预期，海外经济衰退程度超预期，地缘政治 冲突升级等。
2026-01-26_平安证券_中国宏观周报：出口支撑延续.pdf,从高频数据观察，1 月以来海外需求恢复，出口对中国经济的支撑延续。 本周工业生产季节性调整，春节错位继续扰动内需消费出行，工业品价格 仍呈分化格局，国际定价的有色金属表现强于内需定价的黑色原材料。,本周生产环比季节性调整。1）原材料方面，本周日均铁水产量、浮 法玻璃开工率环比持平，石油沥青开工率、部分化工品开工率、主要钢材 品种表观需求环比回落，水泥熟料产能利用率环比提升。2）中下游方面， 本周纺织聚酯开工率、织造业开工率季节性走弱；汽车半钢胎开工率环比 提升，全钢胎开工率环比回落。据乘联会统计，1 月第一周至第二周，全 国纯燃料轻型车同比-85%，12 月同比-29%；混合动力与插混总体生产同 比-65%，12 月同比-26%，混动插混类汽车生产表现较燃油车韧性更强。,本周新房成交边际走弱。1）销售方面，本周（截至 1 月 23 日）30 大中城市新房销售面积同比-38.5%，增速较上周回落；1 月以来，30 大中 城市新房销售面积同比-38.6%，较上月回落。2）截至 1 月 12 日，近四周 二手房出售挂牌价指数环比-0.93%，跌幅较前值收窄 0.46 个百分点。,本周线下出行热度继续回落，受春运错位影响；1 月以来家电零售、 汽车零售、邮政快递揽收量边际走弱。1）汽车：据乘联会统计，1 月 1-18 日，全国乘用车市场零售 67.9 万辆，同比-28%，2025 年 12 月同比-13%； 乘联会预计 1 月全月汽车零售同比微增 0.3%，得益于春节错位、工作日 数量增加。2）家电：截至 1 月 16 日，近四周主要家电零售额同比-34.5%， 较前值回落 3.3 个百分点。3）快递：截至 1 月 18 日，近四周邮政快递揽 收量同比增长-5.4%，较前值回落 3.2 个百分点，较上月末回落 6.5 个百分 点。4）出行：本周（截至 1 月 23 日）国内执行航班同比增长-9.7%，增 速较上周回落 3.6 个百分点；本周百度迁徙指数同比增长-24.0%，增速较 上周回落 25.5 个百分点。5）电影：本周（截至 1 月 23 日）日均电影票 房收入 4142 万元，同比-16.9%，增速较上周提升。,港口集装箱吞吐量提升。1）港口货运：截至 1 月 18 日，近四周港 口完成货物吞吐量同比增长 3.4%，较前值提升 1.7 个百分点，较上月末提 升 1.5 个百分点；近四周港口完成集装箱吞吐量同比增长 7.6%，较前值提 升 0.2 个百分点，较上月末提升 0.4 个百分点。2）韩国出口：1 月前 20 个工作日韩国出口金额同比增长 14.9%，增速较上月全月提升 1.5 个百分 点。3）运价：本周中国出口集装箱运价指数环比微降。4）海外 PMI：1 月欧元区制造业 PMI 指数 49.4%，较上月提升 0.6 个百分点。12 月美国 制造业 PMI 指数 51.8%，较上月回落 0.4 个百分点。,工业品价格分化。工业品方面，本周南华工业品指数上涨 1.1%，南 华黑色原材料指数下跌 0.9%，南华有色金属指数上涨 3.0%。农产品方面， 本周农产品批发价格 200 指数环比上涨 1.7%。,稳增长政策不及预期，海外经济衰退程度超预期，地缘政治 冲突升级等。
2025-11-18_平安证券_中国宏观周报：电影票房收入恢复.pdf,从高频数据观察，本周部分行业生产步入淡季，边际有所回落；需求端存在改 善迹象，电影票房收入由跌转涨，新房成交边际企稳，港口集装箱货运和邮政 快递揽收量恢复。,生产分化。1）原材料方面，本周日均铁水产量和部分化工品开工率提 升；浮法玻璃开工率持平；石油沥青开工率、水泥熟料产能利用率、钢铁建材 和板材产需回落。2）中下游方面，本周纺织聚酯开工率季节性走弱，织造业 开工率边际回升；汽车全钢胎开工率持平，半钢胎开工率小幅回落。,新房成交边际企稳。1）销售方面，本周（截至 11 月 14 日）30 大中城 市新房销售面积同比-29.4%，增速较上周提升；11 月以来，30 大中城市新房 销售面积同比-30.0%，较上月回落 2.4 个百分点。2）价格方面，截至 11 月3 日，近四周二手房出售挂牌价指数环比-1.02%，跌幅较前值略扩大。,本周电影票房收入由降转升，11 月以来汽车和家电零售边际走弱，邮 政快递揽收量出现恢复。1）汽车：据乘联会统计，11 月 1-9 日，全国乘用车 市场零售 41.5 万辆，同比-19%，10 月同比增长 6%。2）家电：截至 11 月7 日，近四周主要家电零售额同比-34.6%，较前值回落 7.2 个百分点。3）快递： 截至 11 月 9 日，近四周邮政快递揽收量同比增长 8.0%，较前值提升 1.6 个 百分点，较上月末提升 2.5 个百分点。4）出行：本周（截至 11 月 14 日）国 内执行航班同比增长 1.3%，增速较上周回落 1.0 个百分点；百度迁徙指数同 比增长 14.0%，增速较上周提升 3.5 个百分点。5）电影：本周（截至 11 月 14 日）日均电影票房收入 5441 万元，同比 39.9%，由降转升。,港口货运继续恢复。1）港口：截至 11 月 9 日，近四周港口完成货物 吞吐量同比增长 3.6%，较前值提升 1.8 个百分点，较上月末提升 2.8 个百分 点；近四周港口完成集装箱吞吐量同比增长 8.9%，较前值提升 0.8 个百分点， 较上月末提升 2.3 个百分点。2）韩国出口：11 月前 10 日韩国出口金额同比 增长 6.4%，增速较 10 月提升 2.8 个百分点。3）运价：本周中国出口集装箱 运价指数环比上升 3.4%，领先总体运价的上海和宁波出口集装箱运价本周环 比回落。4）海外 PMI：10 月欧元区制造业 PMI 指数 50.0%，较 9 月提升 0.2 个百分点；10 月美国制造业 PMI 指数 52.5%，较 9 月提升 0.5 个百分点。,工业品价格分化，农产品批发价回升。工业品方面，本周南华工业品指 数下跌 0.2%，南华黑色原材料指数下跌 0.8%，南华有色金属指数上涨 0.8%。 本周螺纹钢期货收盘价上涨 0.6%，现货价格上涨 0.5%；本周焦煤期货收盘价 下跌 6.1%，山西焦煤现货上涨 2.0%。农产品方面，本周农产品批发价格 200 指数环比上涨 0.2%，表现强于季节性。,稳增长政策不及预期，海外经济衰退程度超预期，地缘政治 冲突升级等。
