report_id,高频数据观察,工业,地产,内需,外需,价格,风险提示
2025-12-29_平安证券_中国宏观周报：出口集装箱运价三连升.pdf,从高频数据观察，本周原材料生产延续季节性调整，线下出行冬季热度回落， 12 月以来汽车、家电零售及邮政快递揽收量边际走弱。不过，电影票房表现仍 强，新房成交边际企稳，港口货运处于高位，出口集装箱运价连续三周回升， 体现外需韧性。,原材料生产季节性调整。1）原材料方面，本周钢铁建材和板材产量回落， 同时板材表观需求回升；水泥熟料产能利用率、浮法玻璃开工率、部分化工品开 工率回落；石油沥青开工率提升。2）中下游方面，本周纺织聚酯开工率、织造 业开工率季节性走弱；汽车半钢胎开工率提升，全钢胎开工率回落。,12 月以来新房成交初步企稳。1）销售方面，本周（截至 12 月 26 日） 30 大中城市新房销售面积同比-25.2%；12 月以来，30 大中城市新房销售面积 同比-27.4%，较上月提升 3.0 个百分点。2）截至 12 月 15 日，近四周二手房出 售挂牌价指数环比-0.62%，跌幅继续收窄。,本周电影票房收入同比仍处高位，线下出行热度继续回落；12 月以来汽 车、家电零售及邮政快递揽收量边际走弱。1）汽车：据乘联会统计，12 月 1- 21 日，全国乘用车市场零售 130.0 万辆，同比-19%，11 月同比-7%。2）家电： 截至 12 月 19 日，近四周主要家电零售额同比-34.4%，较前值回落 0.8 个百分 点，较 11 月末回落 11.3 个百分点。3）快递：截至 12 月 21 日，近四周邮政快 递揽收量同比增长 1.8%，较前值回落 2.0 个百分点，较上月末回落 4.6 个百分 点。4）出行：本周（截至 12 月 26 日）国内执行航班同比增长 1.7%，增速较 上周回落 0.1 个百分点；百度迁徙指数同比增长 12.2%，增速较上周回落 1.3 个 百分点。5）电影：本周（截至 12 月 25 日）日均电影票房收入 11810 万元， 同比 108.5%，增速较上周提升。,港口货运处于高位，出口集装箱运价回升。1）港口货运：截至 12 月21 日，近四周港口完成货物吞吐量同比增长 3.1%，较前值回落 0.3 个百分点，较 上月末回落 0.2 个百分点。近四周港口完成集装箱吞吐量同比增长 9.1%，较前 值回落 1.5 个百分点，较上月末回落 0.5 个百分点。2）韩国出口：12 月前 20 个工作日韩国出口金额同比增长 3.6%，增速较 11 月全月回落 4.8 个百分点。 3）运价：本周中国出口集装箱运价指数环比增长 2.0%，连续三周回升。4）海 外 PMI：12 月欧元区制造业 PMI 指数 49.2%，较上月回落 0.4 个百分点。11 月 美国制造业 PMI 指数 52.2%，较上月回落 0.3 个百分点。,有色金属价格上涨。工业品方面，本周南华工业品指数上涨 2.8%，南华 黑色原材料指数下跌 0.1%，南华有色金属指数上涨 5.0%。本周螺纹钢期货收 盘价基本持平，现货价格下跌 0.3%。本周焦煤期货收盘价上涨 0.7%，山西焦 煤现货下跌 0.1%。农产品方面，本周农产品批发价格 200 指数环比下跌 0.4%， 同比强于去年同期。,稳增长政策不及预期，海外经济衰退程度超预期，地缘政治 冲突升级等。
2026-01-12_平安证券_中国宏观周报：工业品价格抬升.pdf,从高频数据观察，本周工业品价格上涨，部分原材料生产企稳，线下出行 热度在假期后回落，1 月初家电零售存在恢复，港口集装箱吞吐量、出口 集装箱运价回升。,部分原材料生产企稳。1）原材料方面，本周日均铁水产量、水泥熟 料产能利用率、部分化工品开工率提升，浮法玻璃开工率、石油沥青开工 率、主要钢材品种表观需求回落。2）中下游方面，本周纺织聚酯开工率提 升，织造业开工率季节性走弱；汽车半钢胎、全钢胎开工率回落。,新房成交边际走弱。1）销售方面，本周（截至 1 月 9 日）30 大中 城市新房销售面积同比-38.4%，增速较上周回落 7.4 个百分点；1 月以来， 30 大中城市新房销售面积同比-45.5%，较上月回落。2）截至 12 月 29 日， 近四周二手房出售挂牌价指数环比-0.86%，跌幅较前值扩大。,假期后线下出行热度回落，1 月初家电零售有所恢复，邮政快递揽 收量边际走弱。1）汽车：据乘联会统计，2025 年 12 月 1-31 日，全国乘 用车市场零售 229.6 万辆，同比-13%，11 月同比-7%。2）家电：截至 1 月 2 日，近四周主要家电零售额同比-28.5%，较前值提升 8.4 个百分点。 3）快递：截至 1 月 4 日，近四周邮政快递揽收量同比增长-0.9%，较前值 回落 2 个百分点。4）出行：本周（截至 1 月 9 日）国内执行航班同比增 长 0.2%，增速较上周回落 1.4 个百分点；百度迁徙指数同比增长 9.1%， 增速较上周回落 16.7 个百分点。5）电影：本周（截至 1 月 9 日）日均电 影票房收入 5355 万元，同比-26.3%，增速较上周回落。,港口集装箱吞吐量回升。1）港口货运：截至 1 月 4 日，近四周港 口完成货物吞吐量同比增长 1.1%，较前值回落 0.9 个百分点。近四周港口 完成集装箱吞吐量同比增长 7.7%，较前值提升 0.5 个百分点。2）韩国出 口：12 月韩国出口金额同比增长 13.4%，增速较 11 月全月提升 5.0 个百 分点。3）运价：中国出口集装箱运价指数环比上升，但领先总体的上海和 宁波运价回落。4）海外 PMI：12 月欧元区制造业 PMI 指数 49.2%，较上 月回落 0.4 个百分点。12 月美国制造业 PMI 指数 51.8%，较上月回落 0.4 个百分点。,工业品价格上涨。工业品方面，本周南华工业品指数上涨 2.4%，南 华黑色原材料指数上涨 2.7%，南华有色金属指数上涨 5.3%。本周螺纹钢 期货收盘价上涨 0.7%，现货价格上涨 0.6%。本周焦煤期货收盘价上涨 7.2%，山西焦煤现货持平。农产品方面，本周农产品批发价格 200 指数环 比小幅回落。,稳增长政策不及预期，海外经济衰退程度超预期，地缘政治 冲突升级等。
2025-09-22_平安证券_中国宏观周报：工业品价格回升.pdf,从高频数据观察，本周中国工业生产存在分化，电影票房热度较高，新房 成交同比增速进一步提升，去年同期正值中秋节假期，低基数存在影响。 9 月以来，港口集装箱吞吐量增速提升，汽车零售同比增速回落。,生产存在分化。1）原材料方面，本周日均铁水产量、山东地炼开工 率提升；浮法玻璃开工率持平；水泥熟料产能利用率、石油沥青开工率、 多数化工品开工率边际回落。2）中下游方面，本周纺织聚酯开工率环比持 平，织造业开工率季节性回升；汽车全钢胎开工率、半钢胎开工率回升。,新房成交同比较快增长。1）销售方面，本周（截至 9 月 19 日）30 大中城市新房销售面积同比增长 37.6%，增速较上周明显提升，去年同期 正值中秋节假期，低基数存在推升；9 月以来，30 大中城市新房销售面积 同比增长 18.9%，较上月由负转正。2）价格方面，截至 9 月 8 日，近四 周二手房出售挂牌价指数环比-0.69%。,本周电影票房表现仍强，9 月以来汽车零售、邮政快递同比略有回 落。1）汽车：据乘联会统计，9 月 1-14 日，全国乘用车市场零售 73.2 万 辆，同比下降 4%，8 月同比增长 3%；乘联会初步推算 9 月狭义乘用车零 售同比增长 2.0%。2）家电：截至 8 月 29 日，近四周主要家电零售额同 比增长 5.3%，较上周提升 0.7 个百分点。3）快递：截至 9 月 14 日，近 四周邮政快递揽收量同比增长 10.2%，较上周回落 0.8 个百分点，较 8 月 末回落 1.9 个百分点。4）出行：本周（截至 9 月 19 日）国内执行航班同 比增长 5.6%，增速较上周提升 1.7 个百分点；百度迁徙指数同比增长10.4%，增速较上周明显回落，受中秋假期错位影响。5）电影：本周（截 至 9 月 19 日）日均电影票房收入 11863 万元，同比增长 58.6%，增速较 上周明显提升。,1）港口：截至 9 月 14 日，近四周港口完成 货物吞吐量同比增长 7.3%，较上周提升 1.5 个百分点，较 8 月末提升 1.6 个百分点；近四周港口完成集装箱吞吐量同比增长 10.9%，较上周提升 0.4 个百分点，较 8 月末提升 1.9 个百分点。2）韩国出口：9 月前 10 日韩国 出口金额同比增长 3.8%，增速较 8 月提升 2.5 个百分点。3）运价：本周 中国出口集装箱运价指数环比-0.5%，上海和宁波出口集装箱运价回落。,工业品价格回升，尤其是内需定价的黑色商品。本周南华工业品指 数上涨 1.0%，南华黑色原材料指数上涨 3.1%，南华有色金属指数下跌 0.7%。本周螺纹钢期货收盘价上涨 1.4%，现货价格上涨 0.7%；本周焦煤 期货收盘价上涨 7.6%，山西焦煤现货上涨 2.8%。,稳增长政策不及预期，海外经济衰退程度超预期，地缘政治 冲突升级等。
