report_id,高频数据观察,工业,地产,内需,外需,风险提示
2025-09-22_平安证券_中国宏观周报：工业品价格回升.pdf,从高频数据观察，本周中国工业生产存在分化，电影票房热度较高，新房 成交同比增速进一步提升，去年同期正值中秋节假期，低基数存在影响。 9 月以来，港口集装箱吞吐量增速提升，汽车零售同比增速回落。,生产存在分化。1）原材料方面，本周日均铁水产量、山东地炼开工 率提升；浮法玻璃开工率持平；水泥熟料产能利用率、石油沥青开工率、 多数化工品开工率边际回落。2）中下游方面，本周纺织聚酯开工率环比持 平，织造业开工率季节性回升；汽车全钢胎开工率、半钢胎开工率回升。,新房成交同比较快增长。1）销售方面，本周（截至 9 月 19 日）30 大中城市新房销售面积同比增长 37.6%，增速较上周明显提升，去年同期 正值中秋节假期，低基数存在推升；9 月以来，30 大中城市新房销售面积 同比增长 18.9%，较上月由负转正。2）价格方面，截至 9 月 8 日，近四 周二手房出售挂牌价指数环比-0.69%。,本周电影票房表现仍强，9 月以来汽车零售、邮政快递同比略有回 落。1）汽车：据乘联会统计，9 月 1-14 日，全国乘用车市场零售 73.2 万 辆，同比下降 4%，8 月同比增长 3%；乘联会初步推算 9 月狭义乘用车零 售同比增长 2.0%。2）家电：截至 8 月 29 日，近四周主要家电零售额同 比增长 5.3%，较上周提升 0.7 个百分点。3）快递：截至 9 月 14 日，近 四周邮政快递揽收量同比增长 10.2%，较上周回落 0.8 个百分点，较 8 月 末回落 1.9 个百分点。4）出行：本周（截至 9 月 19 日）国内执行航班同 比增长 5.6%，增速较上周提升 1.7 个百分点；百度迁徙指数同比增长10.4%，增速较上周明显回落，受中秋假期错位影响。5）电影：本周（截 至 9 月 19 日）日均电影票房收入 11863 万元，同比增长 58.6%，增速较 上周明显提升。,1）港口：截至 9 月 14 日，近四周港口完成 货物吞吐量同比增长 7.3%，较上周提升 1.5 个百分点，较 8 月末提升 1.6 个百分点；近四周港口完成集装箱吞吐量同比增长 10.9%，较上周提升 0.4 个百分点，较 8 月末提升 1.9 个百分点。2）韩国出口：9 月前 10 日韩国 出口金额同比增长 3.8%，增速较 8 月提升 2.5 个百分点。3）运价：本周 中国出口集装箱运价指数环比-0.5%，上海和宁波出口集装箱运价回落。,稳增长政策不及预期，海外经济衰退程度超预期，地缘政治 冲突升级等。
2025-07-07_平安证券_中国宏观周报：暑运带动线下活动恢复.pdf,从高频数据观察，本周中国经济增长有两点支撑：一是暑运启动，百度 迁徙指数及国内航班显示出行热度提升，电影票房也有恢复。二是，原 材料生产边际恢复，或受到价格回稳的支撑。,原材料生产大多恢复。本周五大钢材品种产量和表观需求环比提 升，玻璃、沥青开工率也有提升；仅水泥熟料产能利用率，部分化工品 开工率边际调整。中下游行业存在一定分化，本周纺织聚酯开工率回升， 聚酯织造业、汽车轮胎半钢胎和全钢胎开工率有所调整。,新房成交边际回落。1）销售方面，本周（截至 7 月 4 日）30 大 中城市新房日均成交面积回落，月初季节性调整。2）价格方面，截至 6 月 23 日，近四周二手房出售挂牌价指数环比-0.28%。,本周线下经济活跃度有所提升，6 月份商品消费保持热度。1）汽 车：据乘联会统计，6 月全国乘用车市场零售 203.2 万辆，同比增长 15%。 2）家电：截至 6 月 27 日，近四周主要家电零售额同比增长 10.9%，保 持较快增长。3）快递：截至 6 月 29 日，近四周邮政快递揽收量同比增 长 16.0%。4）电影：本周全国电影票房收入季节性提升，同比增 长12.7%，增速较上周提升 5.0 个百分点。5）出行：暑期出行热度较高。 本周百度迁徙指数同比增长 18.2%，增速较上周提升 1.6 个百分点；国 内执行航班同比增长 2.9%，增速较上周提升 1.3 个百分点。,1）港口货运：截至 6 月 29 日，近四周港口完成货物吞吐量同比 增长 0.7%，较上周回落 1.1 个百分点；港口完成集装箱吞吐量同比增长 3.1%，较上周回落 1.2 个百分点。2）运价：本周中国出口集装箱运价指 数环比回落 1.9%，宁波、上海出口集装箱运价继续调整。,稳增长政策不及预期，海外经济衰退程度超预期，地缘政治 冲突升级等。
2025-12-15_平安证券_中国宏观周报：出口集装箱运价回升.pdf,从高频数据观察，本周原材料生产季节性调整，新房成交继续磨底，线下出行 冬季热度回落，电影票房表现仍强，出口集装箱运价指数由跌转涨。价格呈现 分化，黑色原材料价格下跌，但有色金属、农产品价格偏强。,原材料生产季节性调整。1）原材料方面，本周钢铁建材和板材产量和 表观需求回落，石油沥青开工率、水泥熟料产能利用率、部分化工品开工率回 落；浮法玻璃开工率提升。2）中下游方面，本周纺织聚酯开工率、织造业开 工率季节性走弱；汽车全钢胎开工率、半钢胎开工率提升。,新房成交继续磨底。1）销售方面，本周（截至 12 月 12 日）30 大中 城市新房销售面积同比-34.7%，增速较上周提升 1.0 个百分点；12 月以来， 30 大中城市新房销售面积同比-31.4%，较上月回落 1.0 个百分点。2）截至 12 月 1 日，近四周二手房出售挂牌价指数环比-0.60%，跌幅略收窄。,本周电影票房收入同比仍处高位，线下出行热度有所回落； 12 月初家 电零售边际恢复，邮政快递揽收量、汽车零售边际走弱。1）汽车：据乘联会 统计，12 月 1-7 日，全国乘用车市场零售 29.7 万辆，同比-32%，11 月同比 -7%。2）家电：截至 12 月 5 日，近四周主要家电零售额同比-22.5%，较前 值提升 0.6 个百分点。3）快递：截至 12 月 7 日，近四周邮政快递揽收量同 比增长 6.2%，较前值回落 0.2 个百分点。4）出行：本周（截至 12 月 12 日） 国内执行航班同比增长 2.1%，增速较上周回落 0.7 个百分点；百度迁徙指数 同比增长 17.2%，增速较上周回落 0.6 个百分点。5）电影：本周（截至 12 月 12 日）日均电影票房收入 17145 万元，同比 192.3%，仍处高位。,出口集装箱运价回升。1）港口货运：截至 12 月 7 日，近四周港口完 成货物吞吐量同比增长 2.9%，较前值回落 0.3 个百分点；近四周港口完成集 装箱吞吐量同比增长 9.5%，较前值回落 0.1 个百分点。2）韩国出口：12 月 前 10 个工作日韩国出口金额同比增长 3.5%，增速较 11 月全月回落 4.9 个百 分点。3）运价：本周中国出口集装箱运价指数环比增长 0.3%，领先总体运价 的上海和宁波出口集装箱运价本周环比较快上涨。4）海外 PMI：11 月欧元区 制造业 PMI 指数 49.6%，较上月回落 0.4 个百分点。11 月美国制造业 PMI 指 数 52.2%，较上月回落 0.3 个百分点。,稳增长政策不及预期，海外经济衰退程度超预期，地缘政治 冲突升级等。
