report_id,高频数据观察,地产,内需,外需,价格,风险提示
2025-07-28_平安证券_中国宏观周报：电影票房热度提升.pdf,从高频数据观察，本周中国工业生产优化调整，“反内卷”推进效果有所体 现。在需求端，本周新房成交边际有所恢复，电影票房热度提升，北京已 开启电影惠民补贴；7 月以来外需货运存在边际回稳迹象，家电和汽车零 售保持增长势头。,本周新房成交边际恢复。1）销售方面，本周 30 大中城市新房销售 面积同比增长-8.5%，增速较上周提升 18.8 个百分点；7 月以来（截至 25 日），30 大中城市新房销售面积同比增长-19.8%，较上月有所调整。2）价 格方面，截至 7 月 14 日，近四周二手房出售挂牌价指数环比-0.45%。,本周电影票房热度提升，7 月以来家电和汽车零售保持增长势头。 1）汽车：据乘联会统计，7 月 1-20 日，全国乘用车市场零售 97.8 万辆， 同比增长 11%，6 月同比增长 15%。乘联会初步推算 7 月狭义乘用车零售 总市场约为 185 万辆左右，同比去年增长 7.6%。2）家电：截至 7 月 11 日，近四周主要家电零售额同比增长 12.6%，较上周提升 2.3 个百分点。 3）快递：截至 7 月 20 日，近四周邮政快递揽收量同比增长 15.6%。4） 电影：本周（截至 7 月 25 日）日均电影票房收入 14065 万元，环比增长 39.0%，同比增速也较上周提升。据央视新闻报道，7 月 25 日至 10 月 8 日期间，北京市投入 1000 万元惠民补贴，通过线上购票平台，市民最低 可享 19.9 元观影。5）出行：本周（截至 7 月 25 日）国内执行航班环比 增长 2.6%，同比增长 1.7%；截至 7 月 22 日，百度迁徙指数同比增长 15.3%。,7 月以来港口货运较快增长。1）港口货运：截至 7 月 20 日，近四 周港口完成货物吞吐量同比增长 7.5%，较上周提升 1.1 个百分点，较 6 月 末高 6.7 个百分点；近四周港口完成集装箱吞吐量同比增长 4.3%，基本持 平于上周，较 6 月末提升 1.2 个百分点。2）韩国出口：7 月前 20 个工作 日日韩国出口金额同比增长 4.1%，保持增势，但增速较 6 月略回落 0.2 个 百分点。3）运价：本周中国出口集装箱运价指数环比-3.2%，宁波、上海 出口集装箱运价继续调整。,,稳增长政策不及预期，海外经济衰退程度超预期，地缘政治 冲突升级等。
2025-10-13_平安证券_中国宏观周报：假期线下出行较热.pdf,从高频数据观察，受十一假期扰动，月初部分工业品生产边际回落，新房 销售也有调整；不过，假期线下出行较热，港口集装箱吞吐量仍处高位， 上海和宁波出口运价回升，黑色原材料期货价格也有上涨。,新房成交边际回落。1）销售方面，10 月以来（截至 10 日），30 大 中城市新房销售面积同比增长-28.7%，较上月回落，受假期天数增加的影 响，也有基数抬升的扰动。2）价格方面，截至 9 月 29 日，近四周二手房 出售挂牌价指数环比-0.83%。,假期线下出行较热，9 月份汽车、家电零售同比略有回落。1）汽车： 据乘联会统计，9 月 1-30 日，全国乘用车市场零售 223.9 万辆，同比增长 6%，8 月同比增长 3%。2）家电：截至 9 月 26 日，近四周主要家电零售 额同比增长-6.7%，较 9 月初回落。3）快递：截至 10 月 5 日，近四周邮 政快递揽收量同比增长 11.0%，较前值回落 1.0 个百分点。4）出行：本周 （截至 10 月 10 日）国内执行航班同比增长 3.0%，增速较上周提升 1.3 个百分点；百度迁徙指数同比增长 31.6%，增速较上周提升 12.2 个百分 点。据交通运输部数据，10 月 1 日至 8 日累计全社会跨区域人员流动量 预计达到 24.32 亿人次，创历史同期新高；日均 3.04 亿人次，同比增长 6.2%。5）电影：本周（截至 10 月 10 日）日均电影票房收入 14803 万 元，同比增长-1.2%，增速较上周提升。6）据商务部商务大数据监测，国 庆中秋假期全国重点零售和餐饮企业销售额按可比口径同比增长 2.7%。,港口集装箱处于高位，上海和宁波出口运价回升。1）港口：截至 10 月 5 日，近 4 周交通运输部监测的港口累计完成货物吞吐量同比增速约 7.8%，较前值提升 0.4 个百分点；近 4 周港口集装箱吞吐量同比增速 6.9%， 较前值回落 0.3 个百分点。2）韩国出口：9月韩国出口金额同比增长 12.7%， 增速较 8 月提升 11.4 个百分点。3）运价：本周中国出口集装箱运价指数 环比-6.7%，上海和宁波出口集装箱运价较 9 月末提升。4）海外 PMI：9 月欧元区制造业 PMI 指数 49.8%，较 8 月回落 0.9 个百分点；9 月美国制 造业 PMI 指数 52.0%，较 8 月回落 1.0 个百分点。,黑色原材料期货价格上涨。本周南华工业品指数略有回落，但南华 黑色原材料指数上涨 1.8%，南华有色金属指数上涨 1.9%。本周螺纹钢期 货收盘价上涨 1.0%，现货价格下跌 0.3%；本周焦煤期货收盘价上涨 3.1%， 山西焦煤现货下跌 1.1%。,稳增长政策不及预期，海外经济衰退程度超预期，地缘政治 冲突升级等。
2025-11-18_平安证券_中国宏观周报：电影票房收入恢复.pdf,从高频数据观察，本周部分行业生产步入淡季，边际有所回落；需求端存在改 善迹象，电影票房收入由跌转涨，新房成交边际企稳，港口集装箱货运和邮政 快递揽收量恢复。,新房成交边际企稳。1）销售方面，本周（截至 11 月 14 日）30 大中城 市新房销售面积同比-29.4%，增速较上周提升；11 月以来，30 大中城市新房 销售面积同比-30.0%，较上月回落 2.4 个百分点。2）价格方面，截至 11 月3 日，近四周二手房出售挂牌价指数环比-1.02%，跌幅较前值略扩大。,本周电影票房收入由降转升，11 月以来汽车和家电零售边际走弱，邮 政快递揽收量出现恢复。1）汽车：据乘联会统计，11 月 1-9 日，全国乘用车 市场零售 41.5 万辆，同比-19%，10 月同比增长 6%。2）家电：截至 11 月7 日，近四周主要家电零售额同比-34.6%，较前值回落 7.2 个百分点。3）快递： 截至 11 月 9 日，近四周邮政快递揽收量同比增长 8.0%，较前值提升 1.6 个 百分点，较上月末提升 2.5 个百分点。4）出行：本周（截至 11 月 14 日）国 内执行航班同比增长 1.3%，增速较上周回落 1.0 个百分点；百度迁徙指数同 比增长 14.0%，增速较上周提升 3.5 个百分点。5）电影：本周（截至 11 月 14 日）日均电影票房收入 5441 万元，同比 39.9%，由降转升。,港口货运继续恢复。1）港口：截至 11 月 9 日，近四周港口完成货物 吞吐量同比增长 3.6%，较前值提升 1.8 个百分点，较上月末提升 2.8 个百分 点；近四周港口完成集装箱吞吐量同比增长 8.9%，较前值提升 0.8 个百分点， 较上月末提升 2.3 个百分点。2）韩国出口：11 月前 10 日韩国出口金额同比 增长 6.4%，增速较 10 月提升 2.8 个百分点。3）运价：本周中国出口集装箱 运价指数环比上升 3.4%，领先总体运价的上海和宁波出口集装箱运价本周环 比回落。4）海外 PMI：10 月欧元区制造业 PMI 指数 50.0%，较 9 月提升 0.2 个百分点；10 月美国制造业 PMI 指数 52.5%，较 9 月提升 0.5 个百分点。,工业品价格分化，农产品批发价回升。工业品方面，本周南华工业品指 数下跌 0.2%，南华黑色原材料指数下跌 0.8%，南华有色金属指数上涨 0.8%。 本周螺纹钢期货收盘价上涨 0.6%，现货价格上涨 0.5%；本周焦煤期货收盘价 下跌 6.1%，山西焦煤现货上涨 2.0%。农产品方面，本周农产品批发价格 200 指数环比上涨 0.2%，表现强于季节性。,稳增长政策不及预期，海外经济衰退程度超预期，地缘政治 冲突升级等。
