report_id,高频数据观察,工业,地产,内需,外需,价格,风险提示
2025-12-22_平安证券_中国宏观周报：价格改善延续.pdf,从高频数据观察，本周原材料生产延续季节性调整，线下出行冬季热度回落， 但电影票房表现仍强，新房成交边际企稳，12 月以来港口货运及出口集装箱 运价回升，体现外需韧性。价格延续回升势头，黑色原材料及有色金属价格上 涨，农产品价格表现偏强。,原材料生产季节性调整。1）原材料方面，本周钢铁建材和板材产量和 表观需求分化；石油沥青开工率、水泥熟料产能利用率、部分化工品开工率回 落；浮法玻璃开工率持平。2）中下游方面，本周纺织聚酯开工率、织造业开 工率季节性走弱；汽车全钢胎开工率提升，半钢胎开工率回落。,新房成交初步企稳。1）销售方面，本周（截至 12 月 18 日）30 大中 城市新房销售面积同比-28.4%，增速较上周提升 3.4 个百分点；12 月以来， 30 大中城市新房销售面积同比-30.2%，较上月提升 0.3 个百分点。2）截至 12 月 8 日，近四周二手房出售挂牌价指数环比-0.54%，跌幅略收窄。,本周电影票房收入同比仍处高位，线下出行热度继续回落； 12 月初家 电零售边际恢复，邮政快递揽收量、汽车零售边际走弱。1）汽车：据乘联会 统计，12 月 1-14 日，全国乘用车市场零售 76.4 万辆，同比-24%，11 月同比 -7%。2）家电：截至 12 月 5 日，近四周主要家电零售额同比-22.5%，较前 值提升 0.6 个百分点。3）快递：截至 12 月 14 日，近四周邮政快递揽收量同 比增长 3.8%，较前值回落 2.4 个百分点，较上月末回落 2.6 个百分点。4）出 行：本周（截至 12 月 18 日）国内执行航班同比增长 1.6%，增速较上周回落 0.9 个百分点；百度迁徙指数同比增长 12.8%，增速较上周回落 5.0 个百分点。 5）电影：本周（截至 12 月 18 日）日均电影票房收入 9073 万元，同比 78.7%。,港口货运处于高位，出口集装箱运价回升。1）港口货运：截至 12 月 14 日，近四周港口完成货物吞吐量同比增长 3.4%，较前值提升 0.5 个百分 点，较上月末提升 0.2 个百分点；近四周港口完成集装箱吞吐量同 比增长 10.6%，较前值提升 1.1 个百分点，较上月末提升 1.0 个百分点。2）韩国出 口：12 月前 10 个工作日韩国出口金额同比增长 3.5%，增速较 11 月全月回 落 4.9 个百分点。3）运价：本周中国出口集装箱运价指数环比增长 0.6%，继 续回升。4）海外 PMI：12 月欧元区制造业 PMI 指数 49.2%，较上月回落 0.4 个百分点。11 月美国制造业 PMI 指数 52.2%，较上月回落 0.3 个百分点。,工业品价格上涨。工业品方面，本周南华工业品指数上涨 1.0%，南华 黑色原材料指数上涨 3.9%，南华有色金属指数上涨 0.8%。本周螺纹钢期货收 盘价上涨 1.9%，现货价格上涨 1.1%。本周焦煤期货收盘价上涨 9.0%，山西 焦煤现货上涨 0.1%。农产品方面，本周农产品批发价格 200 指数环比上涨 0.5%，继续强于去年同期。,稳增长政策不及预期，海外经济衰退程度超预期，地缘政治 冲突升级等。
2025-09-01_平安证券_中国宏观周报：外需韧性显现.pdf,从高频数据观察，本周中国工业生产分化，新房成交在低基数下回稳，电 影票房收入仍强。8 月以来外需呈现韧性，中国港口集装箱吞吐量、韩国 前 20 日出口、欧美制造业 PMI均较上月恢复，部分区域运价率先企稳。,生产存在分化。1）原材料方面，本周日均铁水产量、浮法玻璃开工 率、钢铁建材产量和表观需求环比提升；水泥熟料产能利用率、石油沥青 及部分化工品开工率边际调整。2）中下游方面，本周纺织聚酯开工率、织 造业开工率季节性回升；汽车全钢胎开工率、半钢胎开工率边际回落。,新房成交同比企稳。1）销售方面，本周（截至 8 月 29 日）30 大 中城市新房销售面积同比增长 0.3%，增速较上周提升；8 月以来 30 大中 城市新房销售面积同比增长-9.4%，较上月提升 9.9 个百分点。2）价格方 面，截至 8 月 18 日，近四周二手房出售挂牌价指数环比-0.44%。,本周电影票房强于去年同期，8 月以来汽车零售、家电零售和邮政 快递同比略有回落。1）汽车：据乘联会统计，8 月 1-24 日，全国乘用车 市场零售 128.5 万辆，同比增长 3%，7 月同比增长 7%。2）家电：截至 8 月 22 日，近四周主要家电零售额同比增长 4.7%，较上周提升 3.4 个百 分点，较月初回落。3）快递：截至 8 月 24 日，近四周邮政快递揽收量同 比增长 12.9%，较上周回落 0.6 个百分点，较 7 月末回落 2.2 个百分点。 4）出行：本周（截至 8 月 29 日）国内执行航班同比增长 2.0%，增速较 上周回落 1.1 个百分点；百度迁徙指数同比增长 9.1%，增速较上周回落。 5）电影：本周（截至 8 月 29 日）日均电影票房收入 15240 万元，同比增 长 32.2%，增速较上周提升 17.4 个百分点。,1）港口货运：截至 8 月 24 日，近四周港口完成货物吞吐量同比增 长 4.7%，较上周回落 0.7 个百分点，较 7 月末回落；近四周港口完成集 装箱吞吐量同比增长 5.9%，较上周提升 0.9 个百分点，较 7 月末提升 0.3 个百分点。2）韩国出口：8 月前 20 日韩国出口金额同比增长 7.6%，增速 较 7 月提升 1.7 个百分点。3）运价：本周中国出口集装箱运价指数环比1.6%，但领先总体运价的宁波、上海出口集装箱运价明显反弹。4）海外 PMI：8 月欧元区制造业 PMI 指数 50.5%，较 7 月提升 0.7 个百分点；美 国制造业 PMI 指数 53.3%，较 7 月提升 3.5 个百分点。,工业品期货分化，现货价格略强于期货。本周南华工业品指数下跌 0.4%，但南华黑色原材料指数、南华有色金属指数分别上涨 0.4%、0.5%。 本周螺纹钢期货收盘价下跌 0.9%，现货价格下跌 0.3%；本周焦煤期货收 盘价下跌 0.9%，山西焦煤现货上涨 0.1%。,稳增长政策不及预期，海外经济衰退程度超预期，地缘政治 冲突升级等。
2025-08-04_平安证券_中国宏观周报：工业品期货降温.pdf,从高频数据观察，本周中国工业生产存在分化，原材料生产呈现相对韧性。 需求方面，本周电影票房强于去年同期，线下出行热度也有提升；7 月份家 电零售较快增长，外需货运也有恢复。价格方面，工业品期货价格降温，但 焦煤和螺纹钢现货价格表现强于期货。,生产有所分化。1）原材料方面，本周石油沥青、山东地炼和部分化 工品开工率恢复，水泥熟料产能利用率、浮法玻璃开工率基本持平上周；不 过，日均铁水产量、钢铁建材的产量和表观需求边际回落。2）中下游方面， 本周汽车半钢胎和全钢胎开工率，纺织聚酯、聚酯织造业开工率季节性调整。,新房成交有所调整。1）销售方面，本周（截至 8 月 1 日）30 大中城 市新房销售面积同比增长-18.4%；7 月（截至 31 日），30 大中城市新房销 售面积同比增长-19.3%，较上月有所调整。2）价格方面，截至 7 月 21 日， 近四周二手房出售挂牌价指数环比-0.48%。,本周电影票房强于去年同期，7 月以来家电零售较快增长，汽车零售 保持增长势头。1）汽车：据乘联会统计，7 月 1-27 日，全国乘用车市场零 售 144.5 万辆，同比增长 9%，6 月同比增长 15%。乘联会初步推算 7 月狭 义乘用车零售总市场约为 185 万辆左右，同比去年增长 7.6%。2）家电：截 至 7 月 25 日，近四周主要家电零售额同比增长 18.5%，较快增长。3）快 递：截至 7 月 27 日，近四周邮政快递揽收量同比增长 15.1%。4）电影：本 周（截至 8 月 1 日）日均电影票房收入 2.3 亿元，同比增长 27.9%，增速由 负转正。据央视新闻报道，7 月 25 日至 10 月 8 日期间，北京市投入 1000 万元惠民补贴，通过线上购票平台，市民最低可享 19.9 元观影。5）出行： 本周（截至 8 月 1 日）国内执行航班同比增长 1.6%，增速基本持平上周； 百度迁徙指数同比增长 18.9%，增速较上周提升 4.1 个百分点。,7 月港口货运较快增长，韩国出口增速提升。1）港口货运：截至7 月 27 日，近四周港口完成货物吞吐量同比增长 10.9%，较上周提升 3.4 个百 分点，较 6 月末提升 10.1 个百分点；近四周港口完成集装箱吞吐量同比增 长 5.6%，较上周提升 1.3 个百分点，较 6 月末提升 2.5 个百分点。2）韩国 出口：7 月韩国出口金额同比增长 5.9%，增速较 6 月提升 1.6 个百分点。 3）运价：本周中国出口集装箱运价指数环比-2.3%，宁波、上海出口集装箱 运价继续调整。,工业品期货价格降温。本周南华工业品指数下跌 3.8%，南华黑色原 材料指数下跌 5.6%；螺纹钢期货收盘价下跌 4.6%，现货价格下跌 2.3%； 焦煤期货收盘价下跌 13.2%，现货上涨 1.2%。,稳增长政策不及预期，海外经济衰退程度超预期，地缘政治 冲突升级等。
