report_id,高频数据观察,工业,地产,内需,外需,价格,风险提示
2025-12-22_平安证券_中国宏观周报：价格改善延续.pdf,从高频数据观察，本周原材料生产延续季节性调整，线下出行冬季热度回落， 但电影票房表现仍强，新房成交边际企稳，12 月以来港口货运及出口集装箱 运价回升，体现外需韧性。价格延续回升势头，黑色原材料及有色金属价格上 涨，农产品价格表现偏强。,原材料生产季节性调整。1）原材料方面，本周钢铁建材和板材产量和 表观需求分化；石油沥青开工率、水泥熟料产能利用率、部分化工品开工率回 落；浮法玻璃开工率持平。2）中下游方面，本周纺织聚酯开工率、织造业开 工率季节性走弱；汽车全钢胎开工率提升，半钢胎开工率回落。,新房成交初步企稳。1）销售方面，本周（截至 12 月 18 日）30 大中 城市新房销售面积同比-28.4%，增速较上周提升 3.4 个百分点；12 月以来， 30 大中城市新房销售面积同比-30.2%，较上月提升 0.3 个百分点。2）截至 12 月 8 日，近四周二手房出售挂牌价指数环比-0.54%，跌幅略收窄。,本周电影票房收入同比仍处高位，线下出行热度继续回落； 12 月初家 电零售边际恢复，邮政快递揽收量、汽车零售边际走弱。1）汽车：据乘联会 统计，12 月 1-14 日，全国乘用车市场零售 76.4 万辆，同比-24%，11 月同比 -7%。2）家电：截至 12 月 5 日，近四周主要家电零售额同比-22.5%，较前 值提升 0.6 个百分点。3）快递：截至 12 月 14 日，近四周邮政快递揽收量同 比增长 3.8%，较前值回落 2.4 个百分点，较上月末回落 2.6 个百分点。4）出 行：本周（截至 12 月 18 日）国内执行航班同比增长 1.6%，增速较上周回落 0.9 个百分点；百度迁徙指数同比增长 12.8%，增速较上周回落 5.0 个百分点。 5）电影：本周（截至 12 月 18 日）日均电影票房收入 9073 万元，同比 78.7%。,港口货运处于高位，出口集装箱运价回升。1）港口货运：截至 12 月 14 日，近四周港口完成货物吞吐量同比增长 3.4%，较前值提升 0.5 个百分 点，较上月末提升 0.2 个百分点；近四周港口完成集装箱吞吐量同 比增长 10.6%，较前值提升 1.1 个百分点，较上月末提升 1.0 个百分点。2）韩国出 口：12 月前 10 个工作日韩国出口金额同比增长 3.5%，增速较 11 月全月回 落 4.9 个百分点。3）运价：本周中国出口集装箱运价指数环比增长 0.6%，继 续回升。4）海外 PMI：12 月欧元区制造业 PMI 指数 49.2%，较上月回落 0.4 个百分点。11 月美国制造业 PMI 指数 52.2%，较上月回落 0.3 个百分点。,工业品价格上涨。工业品方面，本周南华工业品指数上涨 1.0%，南华 黑色原材料指数上涨 3.9%，南华有色金属指数上涨 0.8%。本周螺纹钢期货收 盘价上涨 1.9%，现货价格上涨 1.1%。本周焦煤期货收盘价上涨 9.0%，山西 焦煤现货上涨 0.1%。农产品方面，本周农产品批发价格 200 指数环比上涨 0.5%，继续强于去年同期。,稳增长政策不及预期，海外经济衰退程度超预期，地缘政治 冲突升级等。
2025-10-13_平安证券_中国宏观周报：假期线下出行较热.pdf,从高频数据观察，受十一假期扰动，月初部分工业品生产边际回落，新房 销售也有调整；不过，假期线下出行较热，港口集装箱吞吐量仍处高位， 上海和宁波出口运价回升，黑色原材料期货价格也有上涨。,十一假期扰动生产。1）原材料方面，本周日均铁水产量、水泥熟料 产能利用率、钢材表观需求边际回落；浮法玻璃开工率持平；部分化工品 开工率提升。2）中下游方面，本周纺织聚酯开工率、织造业开工率边际回 升；汽车全钢胎开工率、半钢胎开工率回落。,新房成交边际回落。1）销售方面，10 月以来（截至 10 日），30 大 中城市新房销售面积同比增长-28.7%，较上月回落，受假期天数增加的影 响，也有基数抬升的扰动。2）价格方面，截至 9 月 29 日，近四周二手房 出售挂牌价指数环比-0.83%。,假期线下出行较热，9 月份汽车、家电零售同比略有回落。1）汽车： 据乘联会统计，9 月 1-30 日，全国乘用车市场零售 223.9 万辆，同比增长 6%，8 月同比增长 3%。2）家电：截至 9 月 26 日，近四周主要家电零售 额同比增长-6.7%，较 9 月初回落。3）快递：截至 10 月 5 日，近四周邮 政快递揽收量同比增长 11.0%，较前值回落 1.0 个百分点。4）出行：本周 （截至 10 月 10 日）国内执行航班同比增长 3.0%，增速较上周提升 1.3 个百分点；百度迁徙指数同比增长 31.6%，增速较上周提升 12.2 个百分 点。据交通运输部数据，10 月 1 日至 8 日累计全社会跨区域人员流动量 预计达到 24.32 亿人次，创历史同期新高；日均 3.04 亿人次，同比增长 6.2%。5）电影：本周（截至 10 月 10 日）日均电影票房收入 14803 万 元，同比增长-1.2%，增速较上周提升。6）据商务部商务大数据监测，国 庆中秋假期全国重点零售和餐饮企业销售额按可比口径同比增长 2.7%。,港口集装箱处于高位，上海和宁波出口运价回升。1）港口：截至 10 月 5 日，近 4 周交通运输部监测的港口累计完成货物吞吐量同比增速约 7.8%，较前值提升 0.4 个百分点；近 4 周港口集装箱吞吐量同比增速 6.9%， 较前值回落 0.3 个百分点。2）韩国出口：9月韩国出口金额同比增长 12.7%， 增速较 8 月提升 11.4 个百分点。3）运价：本周中国出口集装箱运价指数 环比-6.7%，上海和宁波出口集装箱运价较 9 月末提升。4）海外 PMI：9 月欧元区制造业 PMI 指数 49.8%，较 8 月回落 0.9 个百分点；9 月美国制 造业 PMI 指数 52.0%，较 8 月回落 1.0 个百分点。,黑色原材料期货价格上涨。本周南华工业品指数略有回落，但南华 黑色原材料指数上涨 1.8%，南华有色金属指数上涨 1.9%。本周螺纹钢期 货收盘价上涨 1.0%，现货价格下跌 0.3%；本周焦煤期货收盘价上涨 3.1%， 山西焦煤现货下跌 1.1%。,稳增长政策不及预期，海外经济衰退程度超预期，地缘政治 冲突升级等。
2025-07-14_平安证券_中国宏观周报：港口货运增速回升.pdf,从高频数据观察，本周中国工业生产存在分化，但需求复苏仍在持续， 线下经济活跃度仍高，尤其是 7 月初外需呈现一定回稳迹象，中国港口 货运和韩国 7 月前 10 日出口增速均有回升。,生产存在分化。原材料方面，本周水泥熟料产能利用率、石油沥 青开工率、部分化工品开工率提升，浮法玻璃开工率持平于上周，五大 钢材品种产量和表观需求季节性调整，产需表现更为匹配。中下游方面， 本周汽车轮胎半钢胎和全钢胎开工率环比回升，纺织聚酯开工率、聚酯 织造业开工率季节性调整。,新房成交较上周略有好转。1）销售方面，本周新房销售面积同比 增速较上周提升 0.7 个百分点；7 月以来（截至 11 日）新房销售面积同 比增速较上月有所调整。2）价格方面，截至 6 月 30 日，近四周二手房 出售挂牌价指数环比-0.29%。,本周线下经济活跃度仍高，月初汽车零售同比小幅正增长。1）汽 车：据乘联会统计，7 月 1-6 日，全国乘用车市场零售 23.8 万辆，同比 去年 7 月同期增长 1%，6 月同比增长 15%。2）家电：截至 6 月 27 日， 近四周主要家电零售额同比增长 10.9%，保持较快增长。3）快递：截至 7 月 6 日，近四周邮政快递揽收量同比增长 16.1%，较上周提升 0.1 个 百分点。4）电影：本周（截至 7 月 11 日）日均电影票房收入 9223 万 元，较上周有所调整。5）出行：暑期出行热度较高。本周（截至 7 月 11 日）百度迁徙指数较上周环比增长 3.8%，同比增速为 14.1%；国内执行 航班基本持平于上周，同比增长 2.3%。,7 月初港口货运同比增速回升，韩国出口也有恢复。1）港口货运： 截至 7 月 6 日，近四周港口完成货物吞吐量同比增长 4.1%，较上周提 升 3.4 个百分点；近四周港口完成集装箱吞吐量同比增长 4.5%，较上周 提升 1.4 个百分点。2）韩国出口：7 月前 10 日韩国出口金额同比增长 9.5%，较 6 月增速提升 5.2 个百分点。3）运价：本周中国出口集装箱 运价指数环比-2.2%，宁波、上海出口集装箱运价继续调整。,,稳增长政策不及预期，海外经济衰退程度超预期，地缘政治 冲突升级等。
