report_id,市场回顾,投资建议,行业信息,风险提示
20251130,本周农业指数表现基本同步于大市，养殖板块大幅上涨。1. 本周，申万农业指数上涨 1.57%，同期，上证综指上涨 1.4%，深成指上涨 3.55%，农业板块整体表现基本同步于大市。2. 细分到二级子行业，除了渔业和饲料行业下跌以外，其他子行业指数上涨。其中，养殖和动保涨幅领先，分别上涨了 3.89% 和 2.84%。本周，申万农业指数下跌 3.44%，同期，上证综指下跌 3.89%，深成指下跌 5.12%，农业板块整体表现略强于大市。2. 细分到二级子行业，绝大多数子行业指数下跌，唯有渔业上涨了 17.08%；3. 前 10 大涨幅个股主要集中在渔业板块，前 10 大跌幅个股集中在农产品加工板块。涨幅前 3 名个股依次为中水渔业、荃银高科和国联水产。,1、养殖产业链 1）生猪：行业产能去化速度或加快猪价近期反弹结束。本周末，全国生猪出厂均价 11.19 元 / 公斤，较上周跌 0.45 元；主产区 15 公斤仔猪出栏均价 23.62 元 / 公斤，较上周跌 0.24 元；生猪屠宰开工情况良好，出栏重量趋稳，10 月份 17 家上市公司生猪出栏同比增多 18.7%，短期供给偏多。本周末，全国规模以上屠宰企业开工率为 36.33%，较上周升 0.48 个百分点，较上年同期升 3.22 个百分点；上周，16 省市规模屠宰企业生猪宰后均重 89.01 公斤 / 头，较之前一周升 0.09 公斤，较上年同期降 2.66 公斤；2025 年 10 月，17 家养猪上市公司生猪出栏量合计为 15210.99 万头，同增 18.7%。行业产能去化动力持续增强，去化速度或加快。我国养猪行业产能近期去化速度加快。据统计局数据，截至 10 月末，全国能繁母猪存栏 3990 万头，较上月末少 45 万头，较去年末高点少 88 万头。后续，养猪业仍面临着 “市场价格下跌 + 疫情风险上升 + 政策施压” 的三重压力，去产能速度有望加快：1）行业连续 11 周亏损，且近期处于中度亏损状态。本周末，主产区自繁自养头均亏损 135 元，较上周多亏 21 元。2）草根调研来看，由于前期全国大部地区雨水较往年同期明显增多，不利于非瘟疫情防控，养殖业所面临的疫情风险上升。3）自 6 月份以来，相关部门密集召开会议释放减产能的明确政策信号，政策成效检验时间为 2026 年 1 月份，后续政策成效检验情况值得重点关注。个股估值处于历史低位，长期投资价值凸现。目前，大多数养殖上市公司头均市值（对应 2025 年预估出栏量）仍处于历史底部区间，距离历史均值有较大上升空间，长期投资价值凸显。2）白鸡：毛鸡价格低位震荡，中期有望上涨近期鸡苗高位震荡，毛鸡低位震荡：本周末，烟台鸡苗均价 3.7 元 / 羽，较上周持平，处于历史中位；主产区白羽肉毛鸡棚前收购均价 3.56 元 / 斤，较上周涨 0.02 元，处于历史低位；白条鸡均价 13.9 元 / 公斤，较上周持平，处于历史中位；行业产能升至历史高位水平，10 月祖代更新量增加：白鸡行业祖代和父母代在产存栏水平在近两个月内环比上升，目前双双处于历史同期高位水平。本周，主产区肉鸡养殖环节单羽亏损 0.86 元，较上周多亏 0.13 元。2025 年前 10 个月，全行业祖代鸡更新量同比下降。预计到明年下半年，随着传导效应的显现，商品代鸡苗和毛鸡供给趋势减少，鸡价有望止跌反弹。估值方面，个股羽均市值处于历史低位，投资安全边际高，建议关注。中期来看，产业链盈利有望向上游倾斜，重点关注相关公司。3）黄鸡：近期鸡价持续上涨，产能低位近期鸡价持续上涨：2025 年 10 月，温氏黄鸡售价 13.33 元 / 公斤，较上月跌 0.2 元；立华黄鸡售价 12.58 元 / 公斤，较上月跌 0.44 元；鸡价近期虽有调整但仍处高位，主要是受到消费旺季需求恢复增长的影响。行业产能处于历史较低水平：国内父母代种鸡近期在产存栏水平环比前 3 季度有所回落，处于历史较低水平。产能驱动供给收缩，预计到 2026 年 1 季度，黄鸡供给总体偏紧，叠加冬季消费旺季因素还会支撑需求增长，鸡价或保持高位。估值方面，个股羽均市值处于历史低位，投资安全边际高，且产业链景气向好，给予看好评级，重点关注立华股份和温氏股份。4）动保：主要抗生素价格维持高位，动保公司三季报业绩预期乐观动保行业景气年初以来触底回升，主要上市公司三季报业绩表现良好。泰妙菌素和泰万菌素等产品近期价格较前 3 季度略有调整，但仍处于近 1 年来的高位。国产猫三联疫苗前三季度销量增长明显，未来随着国产替代进程的加快，有望持续增长；建议关注积极开展宠物动保业务的公司，如瑞普生物等。2、种植产业链 1）种业：产业政策持续优化，转基因持续推进粮价中期上涨有利于种子价格上涨。中长期来看，种子产业战略性地位突出，转基因生物技术产业化继续稳步推进，种子产品升级迭代将有利于带动优质种子公司销售放量、价格提升和产业结构升级，且龙头公司估值处于底部，长期投资配置价值凸显。2）种植：粮价企稳，中期有望上涨粮价各品种价格近期止跌反弹，中期有望上涨。上周末，全国玉米收购均价 2304 元 / 吨，较上周涨 26 元；本周末，全国小麦收购均价 2502 元 / 吨，较上周涨 6 元。中期来看，由于我国粮食进口减少，且国际粮价在美联储降息的大背景下上涨预期较强，以及我国实施粮食最低收购价政策对粮食市场构成实质性利好支撑，国内粮价有望上涨。建议关注种植板块的投资机会，重点关注苏垦农发。,生猪：本周末，全国生猪出厂均价 11.19 元 / 公斤，较上周跌 0.45 元；本周末，主产区自繁自养头均亏损 147 元，较上周多亏 12 元。截至 25 年 10 月底，全国能繁母猪存栏 3990 万头，月环比减 1.1%；肉鸡：本周末，烟台鸡苗均价 3.7 元 / 羽，较上周持平；主产区白羽肉毛鸡棚前收购均价 3.56 元 / 斤，较上周涨 0.02 元；白条鸡均价 13.9 元 / 公斤，较上周持平；本周末，主产区肉鸡养殖环节单羽亏损 0.86 元，较上周多亏 0.12 元；饲料：本周末，肉鸡料均价 3.4 元 / 公斤，较上周持平；育肥猪料价格 3.32 元 / 公斤，较上周持平；原奶：上周末，全国主产区生鲜乳出场均价 3.03 元 / 公斤，较上周持平；全国牛奶零售价 12.17 元 / 升，较上周涨 0.01 元；水产品：本周末，威海扇贝 / 鲍鱼批发价 10/100 元 / 公斤，较上周持平；海参 / 对虾批发价为 90/320 元 / 公斤，较上周持平；粮棉糖：本周末，南宁白糖成交均价 5468 元 / 吨，较上周跌 292 元；全国 328 级棉花成交均价 14858 元 / 吨，较上周涨 67 元；上周末，全国玉米收购均价 2304 元 / 吨，较上周涨 26 元；本周末，国内豆粕市场均价 3090 元 / 吨，较上周跌 1 元；全国小麦收购均价 2502 元 / 吨，较上周涨 6 元。,突发疫病、畜禽、原奶、水产价格、玉米等原料价格变化不及预期
20180316,农业板块表现同步大市，林业、渔业和农产品加工上涨。1、第 11 周，申万农业指数下跌 1.24%，上证综指下跌 1.13%，深证成指下跌 1.28%，农业涨跌幅与大市持平。2、二级子行业中，林业、渔业和农产品加工上涨，林业领涨。3、前 10 大涨幅个股集中于渔业、家禽养殖等板块，前 10 大跌幅个股集中于种植、农产品加工等子板块。涨幅前 3 名个股分别是国投中鲁、益生股份、华资实业，白羽鸡养殖个股值得关注。,周观点：近期，地方粮食加工补贴政策落地利好种业复苏，我们对后市农业板块行情判断如下：种植及种业：玉米加工补贴政策落地利好种业复苏，建议关注龙头公司。3 月 16 日黑龙江公布玉米深加工企业获补贴 150 元 / 吨，此前吉林已公布玉米补贴 100 元 / 吨；同日吉林公布大豆深加工企业可获补贴 300 元 / 吨。与往年相比，补贴力度虽有所减弱（2017 年黑龙江玉米加工补贴为 300 元 / 吨）但基本符合市场预期。补贴落地有利于提振需求和刺激玉米和大豆价格进一步上涨。我们维持 18 年玉米价格中枢较上年明显上移的判断，这将带动种业景气复苏。我们预期产业复苏叠加产品升级换代，行业格局将发生深刻变化。拥有新优势品种的龙头公司有望脱颖而出。个股推荐关注苏垦农发、登海种业和隆平高科。肉鸡板块：景气向上趋势不变，3 季度鸡苗价格有望大幅上涨，建议继续持有。协会数据显示，2017 年 12 月 - 2018 年 2 月，白羽肉鸡父母代雏鸡销量明显低于往年同期水平。我们判断，3 季度白羽肉鸡父母代在产存栏量及商品代鸡苗销量也会明显偏低，商品代鸡苗价格有望大幅上涨。全年来看，由于 2015-2017 年连续 3 年全国祖代种鸡的更新量偏低的原因，预计 2018 年肉鸡产量会较上年明显下降，市场供需格局将显著改善。我们预计 2018 年商品代鸡苗全年均价为 3 元 / 羽，父母代鸡苗均价为 30 元 / 套。目前肉鸡养殖板块个股股价对应 2018 年业绩的估值位于 15-18 倍，仍具备配置价值。养鸡公司 1 季报乃至半年报业绩同比大幅好转高度确定，建议继续持有。动物保健：继续推荐龙头公司，推荐标的有生物股份、中牧股份和普莱柯。生猪规模养殖发展提速带动疫苗需求升级，口蹄疫市场苗、圆环病毒苗和伪狂犬病苗等细分品种市场快速增长比较确定，竞争格局口蹄疫苗优于圆环苗和伪狂犬病苗。继续推荐受益标的生物股份、中牧股份和普莱柯。生猪养殖板块：猪价企稳，全年来看不必过于悲观。猪价近两周开始企稳，到 5 月份预计将有反弹。全年来看，猪价中枢将较上年下沉，幅度我们认为不必太悲观。生猪养殖受环保影响还是有集中度提升龙头企业扩产的逻辑，全年未必会跑输指数。重点关注标的是牧原股份、温氏股份、天邦股份、正邦科技、大北农、新希望等。各企业陆续公布 1-2 月销售数据，正邦科技、天邦股份、牧原股份同比增速较快，可予重点关注。水产养殖：对虾价格处历史同期最高水平，推荐关注国联水产。大宗对虾价格在 180 元 / 公斤已维持 5 周，与往年相比处历史最高水平，且高位持续时间最久。此次价格上涨虽有季节性因素，但主要原因还在于消费增长叠加主产区寒冷天气及病害所导致的产量下滑的影响。我们预计 2018 年对虾价格中枢将上移，重点推荐国联水产。,"生猪：第 11 周，辽宁生猪出厂价为 10.71 元 / 公斤，环比涨 0.12 元 / 公斤；自繁自养头猪亏损超过百元。2 月末，全国生猪存栏量为 33237 万头，环比降 1.50%，同比降 4.70%；能繁母猪存栏量为 3397 万头，环比降 0.50%，同比降 5.00%。鸡：第 11 周，山东烟台产区白羽肉鸡（二类厂）棚前价格 3.29 元 / 斤，环比跌 0.14 元 / 斤，养殖盈亏平衡；白羽肉鸡苗 3.08 元 / 羽，环比跌 0.04 元 / 羽。饲料：第 10 周，肉鸡料均价 2.82 元 / 公斤，蛋鸡料价格 2.59 元 / 公斤，育肥猪料价格 2.72 元 / 公斤，环比持平。水产品：第 11 周，山东威海大宗批发市场海参价格 110 元 / 公斤，环比跌 6 元 / 公斤；扇贝价格 8 元 / 公斤，环比持平；对虾价格 180 元 / 公斤，环比持平；鲍鱼价格 140 元 / 公斤，环比持平；第 10 周，全国农贸批发市场鲤鱼价格 13.04 元 / 公斤，环比跌 0.21 元 / 公斤；鲢鱼价格 10.17 元 / 公斤，环比涨 0.40 元 / 公斤；草鱼价格 15.25 元 / 公斤，环比跌 0.21 元 / 公斤；鲫鱼价格 16.29 元 / 公斤，环比跌 0.40 元 / 公斤。糖、棉、玉米和豆粕：第 11 周，南宁白糖现货价 5914 元 / 吨，环比跌 45 元 / 吨；中国 328 级棉花价格 15,715 元 / 吨，环比涨 8 元 / 吨；全国玉米收购均价 1778 元 / 吨，环比涨 20 元 / 吨；全国豆粕现货均价 3227 元 / 吨，环比跌 33 元 / 吨。",突发疫病、畜禽、水产价格、玉米等原料价格变化不及预期
20280114,农业板块上涨，表现同步大市，渔业、畜禽养殖板块涨幅较大。1、上周，申万农业指数上涨 0.87%，上证综指上涨 1.09%，深成指上涨 1.05%，农业板块涨幅基本同步大市。2、二级子行业中，畜禽养殖、渔业板块上涨且涨幅较大，其他板块都下跌。3、前 10 大涨幅个股分布于畜禽养殖、种植、水产养殖等多个子板块，畜禽养殖板块上涨个股较多；前 10 大跌幅个股分布于农产品加工、种子加工等多个子板块，农副产品加工板块下跌个股较多。涨幅前 3 名个股分别是壹桥股份、牧原股份、温氏股份，生猪养殖股受到市场关注。,1、肉鸡板块：鸡苗、毛鸡价格有望上涨，可予以重点关注。上周，毛鸡价格继续上涨，商品代鸡苗停止报价，主要是受到停孵期的影响。预计短期内鸡苗价格将上涨，因停孵期已经结束，采购需求将恢复；中期维持此前判断，在父母代种鸡和祖代种鸡存栏双双低位、引种不畅以及需求中期复苏等背景下，至 18 年中期鸡价有望震荡上涨，不排除会冲击前期高点。建议近期重点关注肉鸡养殖板块。个股方面，推荐关注圣农、民和、益生和仙坛。2、生猪养殖板块：关注下一个猪价上涨机会。上周，受恶劣天气的影响，猪价小幅上涨，带动市场情绪上升，生猪养殖板块表现靓丽。预期短期内猪价大概率会回落，因恶劣天气已经好转；中期，猪价下行可能性较大，因生猪出栏体重增加、PSY 上升和环保压力的边际递减。建议关注下一个猪价波动上涨机会，重点关注标的是牧原股份、温氏股份。3、制种板块：玉米价格有望继续上涨，提振种子价格上涨预期，建议关注。上周，玉米收购价格继续上涨，恶劣天气或是上涨动因之一。预计短期内玉米价格涨势趋缓，因国储拍卖启动或打压市场做多情绪。但如果东北深加工企业可继续获得补贴的传闻兑现，价格仍有望继续上涨。玉米价格上涨提振种子价格上涨的预期，板块可以于关注。重点推荐登海种业、隆平高科。4、海参价格维持高位，推荐关注好当家。近期，海参价格在 140 元站稳，处于近两年来的高位。我们预计 2018 年海参价格中枢将明显高于上年，重点推荐好当家。,生猪：上周，辽宁产区生猪出场价为 14.79 元 / 公斤，环比涨 0.18 元 / 公斤；自繁自养头猪盈利（上上周）300.36 元，环比升 5.38 元。11 月末，全国生猪存栏量为 34886 万头，环比降 0.1%，同比降 6.3%；能繁母猪存栏量为 3466 万头，环比降 0.6%，同比降 5.6%。鸡：上上周，山东烟台产区白羽肉鸡（二类厂）棚前价格 4.01 元 / 斤，环比跌 0.19 元 / 斤；山东烟台产区白羽肉鸡苗无报价；肉鸡养殖单羽盈利 1.57 元。饲料：据博亚和讯统计，上上周，肉鸡料均价 2.8 元 / 公斤，环比持平；蛋鸡料价格 2.58 元 / 公斤，环比持平；育肥猪料价格 2.68 元 / 公斤，环比持平。水产品：上周，山东威海大宗批发市场海参价格 140 元 / 公斤，环比持平；扇贝价格 8 元 / 公斤，环比持平；对虾价格 150 元 / 公斤，环比持平；鲍鱼价格 160 元 / 公斤，环比持平；上上周，全国农贸批发市场鲤鱼价格 12.46 元 / 公斤，环比涨 0.34 元 / 公斤；鲢鱼价格 9.71 元 / 公斤，环比涨 0.22 元 / 公斤；草鱼价格 14.45 元 / 公斤，环比涨 0.22 元 / 公斤；鲫鱼价格 16.59 元 / 公斤，环比涨 0.02 元 / 公斤。糖、棉、玉米和豆粕：上周，南宁白糖现货价 6217 元 / 吨，环比涨 7 元 / 吨；中国 328 级棉花价格 15658 元 / 吨，环比跌 25 元 / 吨；全国玉米收购均价 1695 元 / 吨，环比涨 28 元 / 吨；全国豆粕现货均价 3019 元 / 吨，环比跌 29 元 / 吨。,突发疫病、畜禽、水产价格、玉米等原料价格变化不及预期
