report_id,市场回顾,行业信息,风险提示
20170506,农业指数下跌，农业综合上涨，种植、饲料跌幅较小。1、本周，申万农业指数下跌 2.53%，表现落后于大市。2、二级子行业中，除农业综合外，其他都下跌。其中，畜禽养殖、动物保健、林业跌幅较大，饲料、种植跌幅较小，农业综合上涨，表现继续一枝独秀。3、前 10 大涨幅个股集中于制种、饲料、制糖和农产品加工板块，饲料板块的投资机会继续凸显。前 10 大跌幅个股集中于家禽养殖和动物保健板块，家禽养殖业的投资风险值得关注。涨幅前 3 名个股分别是敦煌种业、保龄宝、大禹节水，一带一路概念值得关注。,生猪：本周，辽宁产区生猪出场价格 14.19 / 公斤，较上周下跌 0.2 元 / 公斤。上周，自繁自养头猪盈利 340.63 元，盈利环比下滑。鸡：本周，山东烟台产区白羽肉鸡（二类厂）棚前价格 3.2 元 / 斤，较上周下跌 0.2 元 / 斤；山东烟台产区白羽肉鸡苗出厂价单羽 0.78 元 / 羽，较上周下跌 0.12 元；白羽肉鸡养殖单羽盈利 0.24 元（上周），环比下降；肉鸡苗孵化环节，单羽亏损 0.44 元（上周），亏损扩大。4 月 14 日，农业部公布 2017 年 3 月份 400 个监测县生猪存栏信息，3 月份生猪存栏同比下降 1.2%，环比增加 1.0%，能繁母猪存栏量同比下降 1.6%，环比不增不减。饲料：据博亚和讯统计，肉鸡饲料价格（上周）2.72 元 / 公斤，环比下跌；蛋鸡饲料价格（上周）2.47 元 / 公斤，环比持平；育肥猪配合饲料价格（上周）2.64 元 / 公斤，环比持平。海产品：本周，山东威海市场海参大宗批发价格是 106 元 / 公斤，环比持平；扇贝大宗批发价格 8 元 / 公斤，环比持平；对虾大宗批发价格 150 元 / 公斤，环比持平；鲍鱼大宗批发价格 166 元 / 公斤，环比上涨 20 元 / 公斤。糖、棉、玉米和豆粕：本周，南宁白糖现货价 6775 元 / 吨，环比上涨 11 元 / 吨；中国 328 级棉花价格 15993 元 / 吨，环比上涨 67 元 / 吨；全国玉米收购均价 1479 元 / 吨，环比下跌 24 元 / 吨；全国豆粕现货均价 3048 元 / 吨，环比上涨 24 元 / 吨。,突发疫病、畜禽、水产价格、玉米等原料价格变化不及预期
20171223,农业板块表现强于大市，种植业、饲料、动物保健领涨。1、上周，申万农业指数上涨 0.21%，上证综指下跌 0.72%，深成指上涨 0.57%，农业板块表现强于大市。2、除生猪养殖外，绝大多数二级子板块指数上涨，种植业、饲料、动物保健涨幅领先。3、前 10 大涨幅个股分布于农产品加工、禽养殖、种植等多个子板块，养殖产业链上涨个股较多；前 10 大跌幅个股分布于养殖、农产品加工、种业等多个子板块，重组概念股下跌幅度较大。涨幅前 3 名个股分别是南宁糖业、华英农业、朗源股份。,生猪：上周，辽宁产区生猪出场价为 14.78 元 / 公斤，环比跌 0.13 元 / 公斤；自繁自养头猪盈利（上上周）300.66 元，环比升 11.07 元。11 月末，全国生猪存栏量为 34886 万头，环比降 0.1%，同比降 6.3%；能繁母猪存栏量为 3466 万头，环比降 0.6%，同比降 5.6%。鸡：上上周，山东烟台产区白羽肉鸡（二类厂）棚前价格 4.04 元 / 斤，环比涨 0.15 元 / 斤；山东烟台产区白羽肉鸡苗出厂价 3.8 元 / 羽，环比涨 0.46 元 / 羽；肉鸡养殖单羽盈利 2.07 元。饲料：据博亚和讯统计，上上周，肉鸡料均价 2.79 元 / 公斤，环比涨 2 分 / 公斤；蛋鸡料价格 2.58 元 / 公斤，环比持平；育肥猪料价格 2.68 元 / 公斤，环比涨 0.02 元 / 公斤。水产品：上周，山东威海大宗批发市场海参价格 140 元 / 公斤，环比持平；扇贝价格 8 元 / 公斤，环比持平；对虾价格 150 元 / 公斤，环比持平；鲍鱼价格 160 元 / 公斤，环比持平；上上周，全国农贸批发市场鲤鱼价格 12 元 / 公斤，环比跌 0.13 元 / 公斤；鲢鱼价格 9.41 元 / 公斤，环比跌 0.02 元 / 公斤；草鱼价格 14.14 元 / 公斤，环比跌 0.09 元 / 公斤；鲫鱼价格 16.47 元 / 公斤，环比跌 0.28 元 / 公斤。糖、棉、玉米和豆粕：上周，南宁白糖现货价 6324 元 / 吨，环比跌 82 元 / 吨；中国 328 级棉花价格 15776 元 / 吨，环比跌 39 元 / 吨；全国玉米收购均价 1622 元 / 吨，环比涨 51 元 / 吨；全国豆粕现货均价 3082 元 / 吨，环比跌 14 元 / 吨。,突发疫病、畜禽、水产价格、玉米等原料价格变化不及预期
20250921,本周农业指数下跌，板块表现弱于大市。1. 本周，申万农业指数下跌 2.7%，同期，上证综指下跌 1.3%，深成指上涨 1.13%，农业板块整体表现弱于大市；2. 细分到二级子行业，除动保指数上涨以外，其他二级子行业指数均下跌，其中种植和饲料跌幅较小；3. 前 10 大涨幅个股主要集中在动保板块，前 10 大跌幅个股集中在养殖板块。涨幅前 3 名个股依次为安德利、生物股份和雪榕生物。,生猪：本周末，全国生猪出厂均价 12.68 元 / 公斤，较上周跌 0.66 元；主产区自繁自养头均亏损 24 元，首次周度由盈转亏。截至 25 年 7 月底，全国能繁母猪存栏 4042 万头，月环比减 0.1%；肉鸡：本周末，烟台鸡苗均价 3.36 元 / 羽，较上周跌 0.12 元；主产区白羽肉毛鸡棚前收购均价 3.37 元 / 斤，较上周跌 0.07 元；白条鸡均价 14.3 元 / 公斤，较上周持平；主产区肉鸡养殖环节单羽亏损 1.56 元，较上周多亏 0.92 元；饲料：本周末，肉鸡料均价 3.45 元 / 公斤，较上周持平；育肥猪料价格 3.35 元 / 公斤，较上周持平；原奶：上周末，全国主产区生鲜乳出场均价 3.03 元 / 公斤，较上周持平；全国牛奶零售价 12.19 元 / 升，较上周跌 0.01 元；水产品：上周末，威海海参 / 扇贝 / 对虾批发价 90/10/320 元 / 公斤，较上周持平；鲍鱼 80 元 / 公斤，较上周持平；粮棉糖：本周末，南宁白糖成交均价 5864 元 / 吨，较上周跌 20 元；全国 328 级棉花成交均价 15292 元 / 吨，较上周跌 16 元；全国玉米收购均价 2396 元 / 吨，较上周涨 1 元；国内豆粕市场均价 3046 元 / 吨，较上周跌 27 元；全国小麦收购均价 2428 元 / 吨，较上周涨 3 元。,突发疫病、畜禽、原奶、水产价格、玉米等原料价格变化不及预期
