report_id,市场回顾,投资建议,行业信息,风险提示
20250824,本周农业指数上涨，板块行情表现同步于大市。1. 本周，申万农业指数上涨 3.71%，同期，上证综指上涨 3.48%，深成指上涨 4.56%，农业板块整体表现与大市同步。2. 二级子行业指数全部上涨，其中养殖、农产品加工涨幅领先；3. 前 10 大涨幅个股主要集中在养殖板块，前 10 大跌幅个股集中在种植板块。涨幅前 3 名个股依次为申联生物、国投中鲁和景谷林业。,1、养殖产业链 1）生猪：仔猪价格大跌，静候行业产能去化猪价近期震荡，仔猪价格回落后持稳。本周末，全国生猪出厂均价 13.73 元 / 公斤，较上周跌 0.03 元；上周，主产区 15 公斤仔猪出栏均价 28.72 元 / 公斤，较上周跌 2.35 元。生猪屠宰开工率上升。本周末，全国规模以上屠宰企业开工率为 33.18%，较上周降 0.15 个百分点，较上年同期升 9.35 个百分点；上周，16 省市规模屠宰企业生猪宰后均重 89.55 公斤 / 头，较上周降 0.28 公斤，较上年同期降 2.27 公斤；生猪宰后均重自高点以来持续回落，整体回落了 3.07 公斤。1-7 月，16 家上市公司生猪出栏量 10095 万头，同增 17.1%。疫情风险叠加政策引导，静候行业产能去化。据统计局数据，截至 6 月末，全国能繁母猪存栏 4043 万头，较去年末高点减少 37 万头。本周末，主产区自繁自养头均盈利 33 元，较上周多盈 5 元。非瘟疫情近期在越南和国内广西出现，养殖业所面临的疫情风险上升。据 wind 报导，7 月份以来越南非瘟疫情持续恶化，截止 8 月 5 日的过去两周内感染生猪数量从 3 万头激增至 10 万头以上，疫情暴发点从 514 处增至 972 处。广西农业主管部门信息显示广西 7 月下旬发生 1 起非瘟疫情。生猪养殖行业反内卷调控政策近期密集发布，继发改委 6 月初提出了不增产能和降重稳价倡议，以及农业部 7 月下旬召集养殖屠宰核心企业会议提出了严格落实产能调控举措之后，行业协会 8 月 13 日召开会议倡议行业削减产能至 3950 万头，多家头部企业参会。会后业内龙头企业积极响应产能调控政策，表态将削减能繁母猪存栏量。尽管育肥和扩繁环节持续盈利，但预计随着反内卷政策的继续实施和规避疫情风险的影响，行业产能有望去化。个股估值处于历史低位，长期投资价值凸现。目前，大多数养殖上市公司头均市值（对应 2025 年预估出栏量）仍处于历史底部区间，距离历史均值有较大上升空间，长期投资价值凸显。2）白鸡：鸡苗价格强势上涨鸡价震荡走弱：本周末，烟台鸡苗均价 3.8 元 / 羽，较上周持平；主产区白羽肉毛鸡棚前收购均价 3.6 元 / 斤，较上周涨 0.06 元；白条鸡均价 14.4 元 / 公斤，较上周涨 0.3 元；行业产能处于历史高位水平，前 7 月引种较少：本周末，父母代在产存栏水平仍处于历史高位水平。本周，主产区肉鸡养殖环节单羽盈利 1.73 元，较上周多盈 0.7 元；行业前 7 月未从美国、新西兰引种，仅从法国引种，全行业祖代鸡更新量同比下降明显。鸡价近期走势偏强，预计强势有望延续至 4 季度。估值方面，个股羽均市值处于历史低位，投资安全边际高，建议关注。中期来看，产业链盈利有望向上游倾斜，重点关注益生股份。3）黄鸡：鸡价震荡回落，产能上升鸡价近期回落：2025 年 7 月，立华黄鸡平均售价 9.77 元 / 公斤，较上月跌 0.02 元；温氏黄鸡售价 9.89 元 / 公斤，较上月跌 0.4 元。行业产能底部上升：父母代在产存栏水平近期较年初有所回升但幅度有限，整体处于历史较低水平。黄鸡行业产业链一体化模式养殖 7 月只均盈利较上月继续回落。黄鸡价格自年初以来在成本线附近偏弱震荡，主要受产能增长和消费需求不振的影响；预计 4 季度，随着秋冬消费旺季的到来，鸡价或反弹。估值方面，个股羽均市值处于历史低位，投资安全边际高，且产业链景气向好，给予看好评级，重点关注立华股份。4）动保：行业景气底部复苏，关注行业产能变化动保行业景气年初以来触底回升，主要上市公司 1 季报业绩表现良好，瑞普生物等 4 家公司中期业绩预增明显。泰妙菌素和泰万菌素等产品价格 1 季度上涨，近期基本保持稳定。国产猫三联疫苗上半年销量增长明显，未来随着国产替代进程的加快，有望持续增长；建议关注积极开展宠物动保业务的公司，如瑞普生物等。2、种植产业链 1）种业：产业政策持续优化，转基因推进中长期来看，粮食安全和提高农业生产效率是基本国策所在，转基因生物技术产业化将在政策助力下持续推进，种子产品升级迭代将有利于带动优质种子公司销售放量和价格提升，且龙头公司估值处于底部，长期投资配置价值凸显。2）种植：短期调整，中期或继续上涨粮价短期震荡调整，中期或继续上涨。本周末，全国玉米收购均价 2427 元 / 吨，较上周跌 6 元；全国小麦收购均价 2435 元 / 吨，较上周跌 3 元。粮食各品种价格近期震荡调整，主要是受到储备粮释放和新粮集中上市的影响。中期来看，由于粮食进口大幅减少、天气异常变化带来的减产预期影响仍在，地缘冲突常态化趋势并未有明显改观，以及国内粮食最低收购价政策利好支撑作用持续存在，预期国内粮价或继续震荡上涨。建议关注种植板块的投资机会，重点关注北大荒和苏垦农发。,生猪：本周末，全国生猪出厂均价 13.73 元 / 公斤，较上周跌 0.03 元；主产区自繁自养头均盈利 33 元，较上周多盈 5 元。截至 25 年 6 月底，全国能繁母猪存栏 4043 万头，月环比增 0.1%；肉鸡：本周末，烟台鸡苗均价 3.8 元 / 羽，较上周持平；主产区白羽肉毛鸡棚前收购均价 3.6 元 / 斤，较上周涨 0.06 元；白条鸡均价 14.4 元 / 公斤，较上周涨 0.3 元；主产区肉鸡养殖环节单羽盈利 1.73 元，较上周多盈 0.7 元；饲料：本周末，肉鸡料均价 3.45 元 / 公斤，较上周持平；育肥猪料价格 3.34 元 / 公斤，较上周持平；原奶：本周末，全国主产区生鲜乳出场均价 3.02 元 / 公斤，较上周持平；全国牛奶零售价 12.18 元 / 升，较上周涨 0.01 元；水产品：本周末，威海海参 / 扇贝 / 对虾批发价 90/10/320 元 / 公斤，较上周持平；鲍鱼 80 元 / 公斤，较上周持平；粮棉糖：本周末，南宁白糖成交均价 5974 元 / 吨，较上周涨 4 元；全国 328 级棉花成交均价 15234 元 / 吨，较上周涨 43 元；全国玉米收购均价 2427 元 / 吨，较上周跌 6 元；国内豆粕市场均价 3100 元 / 吨，较上周涨 25 元；全国小麦收购均价 2435 元 / 吨，较上周跌 3 元。,突发疫病、畜禽、原奶、水产价格、玉米等原料价格变化不及预期
20180720,农业板块表现强于大市，多数子板块下跌，仅动物保健上涨。第 29 周，申万农业指数上涨 0.01%，上证综指下跌 0.07%，深证成指下跌 0.81%，农业板块表现略好于大市；二级子板块只有动物保健上涨，其他都下跌，畜禽养殖和饲料跌幅较小；前 10 大涨幅个股主要分布于禽养殖和农产品加工板块，禽养殖板块上涨个股较多；前 10 大跌幅个股主要分布于农业综合和种植板块；涨幅前 3 名个股分别是益生股份、仙坛股份和圣农发展。,近期，鸡价加速上涨，猪价小幅反弹，猪鸡走势共振。肉鸡板块加速上涨有望持续，继续推荐。上周，父母代鸡苗和商品代鸡苗价格环比大幅上涨，鸡肉环比上涨，毛鸡价格略有回调但仍处于 4 元 / 斤以上的历史较高水平。种鸡存栏数据环比变化不大，据统计，2018 年第 27 周（7 月 2 日 - 7 月 8 日），全国在产祖代种鸡存栏量 79.52 万套，环比上周减少 1.86 万套，存栏水平处于 2009 年以来同期底部区域；后备祖代种鸡存栏量 30.54 万套，环比上周增加 1.88 万套，存栏水平处于 2013 年以来同期底部区域；父母代鸡苗销量 74.22 万套，环比上周减少 6.22 万套。全国监测范围内的父母代种鸡在产存栏量 1398.45 万套，环比上周增加约 7 万套，后备存栏量 827.66 万套，环比上周减少约 40 万套，两者都处于历史底部区域。需求应是推动商品代鸡苗价格大幅上涨的主要原因。8-9 月份是鸡肉消费旺季，开学季到来将拉动鸡肉消费提升，从而拉动 7-8 月份的鸡苗需求上升和价格上涨。由于旺季通常会持续一段时间，我们预计近期商品代鸡苗价格加速上涨也将持续至 8 月份，高点或可见到 5 元 / 羽上方。我们持续看好白羽肉鸡板块，个股方面重点推荐益生股份和圣农发展。生猪板块猪价短期反弹中期筑底，推荐长线布局。近期，猪价较前期底部有小幅反弹。3 季度是猪肉消费旺季，受需求提振的影响，价格阶段性反弹有望反复出现。中期，我们判断 18 年下半年至 19 年中期，猪价处于筑底阶段，之后有望逐渐步入新一轮上涨周期。目前，龙头公司估值处于底部极限区域，存在低估，股价有向上空间。养猪股建议在估值底部区域进行长线布局，重点推荐个股有牧原股份、温氏股份、大北农、天邦股份、唐人神。,生猪：第 29 周，辽宁产区生猪出厂价为 11.96 元 / 公斤，环比跌 0.08 元 / 公斤；自繁自养头猪亏损 17.22 元 / 头。6 月底，全国生猪存栏量为 32601.00 万头，环比下降 1.20%，同比降 1.80%；能繁母猪存栏量为 3242 万头，环比降 1.30%，同比降 2.90%。鸡：第 29 周，山东烟台产区白羽肉鸡（二类厂）棚前价格 4.09 元 / 斤，周环比跌 0.21 元 / 斤；山东烟台产区白羽肉鸡苗 3.20 元 / 羽，环比涨 0.50 元 / 羽；第 29 周，肉鸡养殖单羽盈利 2.39 元。饲料：据博亚和讯统计，第 29 周，肉鸡料均价 2.80 元 / 公斤，环比持平；蛋鸡料价格 2.59 元 / 公斤，周环比跌 0.01 元 / 公斤；育肥猪料价格 2.70 元 / 公斤，环比持平。水产品：第 29 周，山东威海大宗批发市场海参价格 120 元 / 公斤，环比持平；扇贝价格 8 元 / 公斤，环比持平；对虾价格 180 元 / 公斤，环比持平；鲍鱼价格 130 元 / 公斤，环比持平；第 28 周，全国农贸批发市场鲤鱼价格 12.80 元 / 公斤，环比跌 0.02 元 / 公斤；鲢鱼价格 9.66 元 / 公斤，环比跌 0.02 元 / 公斤；草鱼价格 15.22 元 / 公斤，环比跌 0.05 元 / 公斤；鲫鱼价格 15.91 元 / 公斤，环比涨 0.17 元 / 公斤。糖、棉、玉米和豆粕：第 29 周，南宁白糖现货价 5223 元 / 吨，环比跌 17 元 / 吨；中国 328 级棉花价格 16183 元 / 吨，环比跌 13 元 / 吨；全国玉米收购均价 1781 元 / 吨，环比跌 2 元 / 吨；全国豆粕现货均价 3099 元 / 吨，环比跌 29 元 / 吨。,突发疫病、畜禽、水产价格、玉米等原料价格变化不及预期
20170522,农业板块表现好于大市，农业综合领涨。1、本周，农业指数上涨 1.02%，上证综指上涨 0.23%，深证成指上涨 1.87%，农业板块跑赢大市 0.79 个百分点；2、分子行业来看，农业综合（+8.49%）、林业（+6.2%）、渔业（+2.43%）涨幅领先，畜禽养殖（-0.39%）、农产品加工（+0.17%）表现较差，饲料（+1.86%）、动物保健（+1.8%）、种植业（+1.29%）表现好于大市。3、前 10 大涨幅个股集中于饲料板块，跟随大市调整之后饲料板块的投资机会开始显现。前 10 大跌幅个股集中于新股和农产品加工板块，新股调整的趋势比较明显。涨幅前 3 名个股分别是大禹节水、金新农、平潭发展，超跌饲料个股值得关注。,水产品价格持续上涨，建议继续重点关注水产饲料板块，推荐个股是海大集团、天马科技。1、水产品价格有望持续上涨。近期，绝大多数海水鱼和淡水鱼价格持续上涨。年初至 5 月中旬日，黄花鱼、草鱼、鲢鱼、鲫鱼价格区间涨幅分别是 11.13%、17.45%、12.18%、10.7%。截至 5 月 12 日的最新一周，草鱼批发价格创出 2005 年以来的新高，鲫鱼价格接近历史最高点。水产品价格持续上涨主要受供给减少的影响。由于 13-16 年连续 3 年水产品价格持续低迷，养殖户投苗积极性下降，最终导致存塘量减少。再叠加 2016 年水灾的影响，进一步加剧了华中、华南、华东地区存栏量减少的紧张局势。存塘量减少导致供给不足，促成价格上涨。展望后市，供给紧张的格局短期内难以缓和，且 2017 年伏季休渔制度无论是从禁捕时间还是禁捕范围来看都要严于往年，认为严格的休渔制度会加剧水产品供给紧张局势，推动水产品价格持续上涨。2、重点关注水产饲料板块，推荐海大集团和天马科技。水产饲料板块将受益于水产品价格的持续上涨。水产养殖户将加大投苗量和单位面积的投食率，两方面推动水产饲料增量。主要标的是海大集团和天马科技。海大集团 1 季度饲料销量增速过两成，认为全年水产料增速至少是 20%+，叠加猪料、禽料的增长，总的饲料销量增速有望超过两成；天马科技产能扩张步伐较快，募投项目二期已经于 2 月份竣工投产，目前单日产销量超预期。初步测算，认为 2017 年产能增速有望超 4 成，产销量增长有望达 6 成。,生猪：本周，辽宁产区生猪出场价格 13.74 / 公斤，较上周下跌 0.22 元 / 公斤。上周，自繁自养头猪盈利 270.69 元，较前一周减少 46.32 元。鸡：本周，山东烟台产区白羽肉鸡（二类厂）棚前价格 3 元 / 斤，较上周下跌 0.01 元 / 斤；山东烟台产区白羽肉鸡苗出厂价单羽 0.69 元 / 羽，较上周持平；白羽肉鸡养殖单羽亏损 2 元（上周），亏损幅度环比扩大；肉鸡苗孵化环节单羽亏损 0.43 元（上周），亏损持续了 6 周。农业部全国 400 个监测县生猪存栏检测信息显示，4 月末，生猪存栏同比下降 1.4%，环比增加 0.4%，能繁母猪存栏量同比下降 2.1%，环比持平。饲料：据博亚和讯统计，肉鸡饲料价格（上周）2.72 元 / 公斤，环比持平；蛋鸡饲料价格（上周）2.46 元 / 公斤，环比下跌 0.01 元；育肥猪配合饲料价格（上周）2.63 元 / 公斤，环比下跌 0.01 元。水产品：本周，山东威海市场海参大宗批发价格是 106 元 / 公斤，环比上涨 3 元；扇贝大宗批发价格 8 元 / 公斤，环比持平；对虾大宗批发价格 150 元 / 公斤，环比持平；鲍鱼大宗批发价格 166 元 / 公斤，环比持平；上周，全国鲤鱼批发价格是 12.1 元 / 公斤，较前一周上涨了 0.19 元 / 公斤；鲢鱼批发价格是 9.3 元 / 公斤，较前一周上涨了 0.01 元 / 公斤；草鱼批发价格是 15.68 元 / 公斤，较前一周上涨了 0.22 元 / 公斤；鲫鱼批发价格是 18.08 元 / 公斤，较前一周微跌了 0.02 元 / 公斤。糖、棉、玉米和豆粕：本周，南宁白糖现货价 6770 元 / 吨，环比上涨 16 元 / 吨；中国 328 级棉花价格 16032 元 / 吨，环比上涨 31 元 / 吨；全国玉米收购均价 1470 元 / 吨，环比下跌 1 元 / 吨；全国豆粕现货均价 2959 元 / 吨，环比下跌 49 元 / 吨。,突发疫病、畜禽、水产价格、玉米等原料价格变化不及预期
