report_id,市场回顾,投资建议,行业信息,风险提示
20180706,农业板块跟随大市回调，农业综合和种植子板块上涨。第 27 周，申万农业指数下跌 3.61%，上证综指下跌 3.52%，深证成指下跌 5.64%，农业跌幅基本与大市持平；二级子板块只有农业综合和种植子板块上涨，其他都下跌，林业、畜禽养殖板块跌幅较小；前 10 大涨幅个股主要分布于种植、农业综合板块，种子板块上涨个股较多；前 10 大跌幅个股主要分布于农产品加工和动物保健板块；涨幅前 3 名个股分别是丰乐种业、万向德农、新农开发，小盘股受到市场青睐。,中报季来临，农业板块中报业绩整体平淡。截至目前，申万农业 96 家公司中有 33 家公布中期业绩预告，其中预增或持平的有 17 家，预减或转亏的有 16 家。子板块之间业绩分化比较明显，涉足生猪养殖的公司中报业绩预期向下调整，肉鸡养殖公司中报业绩预期高增长。肉鸡板块中报业绩预期高增长，继续推荐配置。上半年，禽链产品价格同比上涨幅度明显。中报业绩预计，益生股份扭亏为盈 0.45 亿元，圣农发展盈利 4 亿元，民和股份 1500 万元，仙坛股份 5000 万元。进入三季度，预计随着夏季烧烤季和 8、9 月份开学季的备货开启，终端对鸡肉分割品的需求将快速增加，将拉动鸡肉分割品涨价。除此之外，进口方面，美国和巴西鸡肉进口因加征关税和征收反倾销保证金而受到抑制，预计下半年鸡肉进口量会大幅减少，这也有助于推动鸡肉分割品涨价。鸡肉分割品涨价叠加存栏低位等因素，预计毛鸡和鸡苗价格将上涨。我们持续看好白羽肉鸡板块，个股方面重点推荐益生股份和圣农发展。生猪板块中报业绩预期下滑，但猪价和估值双双筑底，推荐长线布局。二季度猪价大幅下跌，上市公司养殖业务亏损明显，近期猪价止跌企稳，下半年预计有小幅反弹。中报业绩预计，唐人神盈利 1.3 亿元（-6%），温氏股份盈利 7.5 亿元（-58%），天邦股份盈利 0.85 亿元（-64%），正邦科技亏损 1.6 亿元。我们判断 18 年底至 19 年中期，猪价整体处于筑底阶段，之后有望逐渐走出底部。龙头公司生猪出栏量继续高速增长，头猪成本长期趋势向下，散户退出背景下龙头公司成长逻辑清晰。随着市场悲观情绪的释放，龙头公司估值下行至底部极限区域，存在低估，股价有向上空间。建议在周期左侧估值底部区域进行长线布局，重点推荐个股有牧原股份、温氏股份、大北农、天邦股份。种植及种子板块中报业绩预期平淡，景气和估值筑底，建议布局龙头公司。上半年，种子价格继续调整，公司业绩下滑。中报业绩预计，登海种业盈利 0.65 亿元（-46%），隆平高科盈利 2.55 亿元（+9%）、苏垦农发 2.85 亿元（+7%）。目前大部分种植及种子公司的 PB 下行至历史底部极限区域，估值具有长期吸引力，建议积极关注。中期来看，玉米制种业景气有望触底。我们调高种植和玉米制种板块评级至看好，投资策略方面，建议布局品种优势明显的龙头登海种业、隆平高科和全行业链一体化运行，成本控制能力较强的优质种植公司苏垦农发。动物疫苗中报业绩预期平淡，中长期竞争格局较好，长线可配置龙头。上半年，受猪价下跌影响，市场苗增速放缓，招采苗平稳。中报业绩预期，生物股份盈利 4.26 亿元（+10%），中牧股份 1.64 亿元（+48%），普莱柯 0.86 亿元（+39%）。中长期来看，口蹄疫市场苗和圆环基因苗竞争格局良好，龙头公司价格虽有松动，但量利双升格局有望延续，且目前估值处于底部，建议长线可配置，重点推荐标的有生物股份、中牧股份和普莱柯。,生猪：第 27 周，辽宁产区生猪出厂价为 11.25 元 / 公斤，环比涨 0.12 元 / 公斤；自繁自养头猪亏损 126.69 元 / 头。5 月底，全国生猪存栏量为 32997 万头，环比下降 1.90%，同比降 2.00%；能繁母猪存栏量为 3285 万头，环比降 2.50%，同比降 3.90%。鸡：第 27 周，山东烟台产区白羽肉鸡（二类厂）棚前价格 4.15 元 / 斤，周环比涨 0.09 元 / 斤；山东烟台产区白羽肉鸡苗 2.28 元 / 羽，环比跌 0.30 元 / 羽；第 27 周，肉鸡养殖单羽盈利 2.72 元。饲料：据博亚和讯统计，第 27 周，肉鸡料均价 2.77 元 / 公斤，环比持平；蛋鸡料价格 2.61 元 / 公斤，环比持平；育肥猪料价格 2.70 元 / 公斤，环比持平。水产品：第 27 周，山东威海大宗批发市场海参价格 120 元 / 公斤，环比持平；扇贝价格 8 元 / 公斤，环比持平；对虾价格 180 元 / 公斤，环比持平；鲍鱼价格 130 元 / 公斤，环比持平；第 26 周，全国农贸批发市场鲤鱼价格 12.82 元 / 公斤，环比跌 0.09 元 / 公斤；鲢鱼价格 9.80 元 / 公斤，环比跌 0.01 元 / 公斤；草鱼价格 15.23 元 / 公斤，环比涨 0.19 元 / 公斤；鲫鱼价格 15.73 元 / 公斤，环比跌 0.02 元 / 公斤。糖、棉、玉米和豆粕：第 27 周，南宁白糖现货价 5303 元 / 吨，环比跌 118 元 / 吨；中国 328 级棉花价格 16283 元 / 吨，环比跌 50 元 / 吨；全国玉米收购均价 1768 元 / 吨，环比涨 96 元 / 吨；全国豆粕现货均价 3063 元 / 吨，环比涨 119 元 / 吨。,突发疫病、畜禽、水产价格、玉米等原料价格变化不及预期
20170818,农业板块跟随大市上涨，农产品加工、农业综合子板块涨幅领先。1、本周，申万农业指数上涨 1.75%，上证综指上涨 1.87%，深成指上涨 3.13%。农业板块跟随大市上涨。2、子行业悉数上涨。其中，农产品加工（4.9%）、农业综合（4.35%）、种植业（2.32%）、渔业（2.09%）大幅上涨，是推动板块上涨的主要动力；动物保健（1.59%）、林业（1.11%）、畜禽养殖（0.35%）、饲料（0.04%）涨幅较小，落后于板块整体表现。3、前 10 大涨幅个股集中于国企改革板块、农业综合和农产品加工板块，国企改革板块的涨幅较大。前 10 大跌幅个股集中于肉鸡养殖、制种、饲料加工等板块，肉鸡养殖板块回调的幅度较大。涨幅前 3 名个股分别是中粮生化、晨光生物、冠农股份，国企改革个股受到资金关注。,本周，农业板块跟随大市上涨，涨幅排名在一级行业中略微靠后。我们依然维持此前观点，在上证 50 上涨乏力的情况，农业板块的防守性或受到关注。结合基本面来看，我们认为近期可重点关注国企改革、鸡价上涨、玉米价格低位反弹等投资机会：1、国企改革升温，可重点关注中粮系和农业地方国企。中国联通混改方案亮相提升了市场对于国企改革主题性投资机会的关注力度。国企改革引入非国有性质的外部投资者，将有效改善国企的公司治理结构，增强企业的发展能力，拓展企业发展空间。农业板块涉及混改的主要有中粮系（中粮生化、中粮糖业）以及地方国企（华英农业、新五丰、正虹科技等），建议重点关注华英农业。公司是地方国资旗下的上市公司，主营鸭苗繁育和肉鸭养殖及销售。受益于环保政策趋严，肉鸭养殖行业景气正处于上升阶段，鸭苗和毛鸭价格有望在当家价位点继续上涨。公司业绩和股价主要受鸭苗和毛鸭价格影响，弹性大。2、国内外玉米价格或低位反弹，可重点关注玉米制种板块。美国农业部发布 8 月份农产品供需报告，本月上调 17/18 全球小麦产量 535 万吨、大豆产量 227 万吨、棉花产量 195 万吨、下调全球玉米产量 3453 万吨、大米产量 107 万吨；调整后，17/18 年度全球玉米、大豆、小麦、大米、棉花的库销比分别为 18.93%、28.48%、35.91%、25.66%、74.74%。与 16/17 年度相比，玉米、大豆、小麦的库销比分别下降了 3 个百分点、1 个百分点和 2 个百分点，大米、棉花分别上升了 1 个百分点和 1 个百分点。玉米库存消费比在历史较低水平基础上下降，国际玉米价格或反弹。在市场化改革背景下，国内玉米价格和国际价格之间的联动性增强。因此，国际反弹有望带动国内玉米价格底部反弹，玉米价格反弹利好玉米制种行业。重点关注股票有登海种业、隆平高科、荃银高科、敦煌种业。3、毛鸡价格大幅上涨，可重点关注肉鸡养殖板块。近期，毛鸡价格大幅上涨，周末价格已涨至 4.1 元 / 斤。我们品牌预计，在父母代种鸡产能下降、环保压制产能复苏、消费回暖等因素作用下，毛鸡价格将继续上涨。相应地，肉鸡养殖板块行情在前期回调后将再次向上拓展空间。建议重点关注圣农发展、其次是民和股份、益生股份和仙坛股份。,生猪：本周，辽宁产区生猪出场价为 14.03 元 / 公斤，周下跌 0.14 元 / 公斤；自繁自养头猪盈利（上周）255.38 元，周上升 57.99 元。7 月末，全国生猪存栏量为 35237 万头，环比下降 0.7%，同比下降 4.8%；能繁母猪存栏量为 3554 万头，环比下降 0.9%，同比下降 4.2%。鸡：本周，山东烟台产区白羽肉鸡（二类厂）棚前价格 3.87 元 / 斤，周上涨 0.05 元 / 斤；山东烟台产区白羽肉鸡苗出厂价 3.3 元 / 羽，周上涨 0.04 元 / 羽；肉鸡养殖单羽盈利 2.87 元（上周），环比下降。饲料：据博亚和讯统计，肉鸡料均价（上周）2.68 元 / 公斤，环比持平；蛋鸡料价格（上周）2.43 元 / 公斤，环比上涨 0.01 元 / 公斤；育肥猪料价格（上周）2.62 元 / 公斤，环比持平。水产品：本周，山东威海大宗批发市场海参价格 126 元 / 公斤，环比持平；扇贝价格 7 元 / 公斤，环比持平；对虾价格 150 元 / 公斤，环比持平；鲍鱼价格 110 元 / 公斤，环比持平；上周，全国农贸批发市场鲤鱼价格 12.76 元 / 公斤，环比跌 0.04 元 / 公斤；鲢鱼价格 9.22 元 / 公斤，环比涨 0.05 元 / 公斤；草鱼价格 15.85 元 / 公斤，环比跌 0.09 元 / 公斤；鲫鱼价格 18.34 元 / 公斤，环比跌 0.03 元 / 公斤。糖、棉、玉米和豆粕：本周，南宁白糖现货价 6485 元 / 吨，环比涨 56 元 / 吨；中国 328 级棉花价格 15884 元 / 吨，环比涨 25 元 / 吨；全国玉米收购均价 1481 元 / 吨，环比持平；全国豆粕现货均价 2878 元 / 吨，环比跌 29 元 / 吨。,突发疫病、畜禽、水产价格、玉米等原料价格变化不及预期
20180817,农业板块跟随大市回调，子板块中渔业和动物保健回调幅度较小。第 33 周，申万农业指数下跌 5.87%，上证综指下跌 4.52%，深证成指下跌 5.18%，农业跌幅基本与大市持平；二级子板块均下跌，渔业、动物保健跌幅较小；前 10 大涨幅个股主要分布于水产养殖、农产品加工和种子板块，个股涨幅较小；前 10 大跌幅个股主要分布于种植和养猪板块；涨幅前 3 名个股分别是大湖股份、星普医科和量子生物。,近期，海参价格飙涨，鸡苗和毛鸡价格高位上涨，各行业分处在不同的产能去化阶段。河南、江苏再现非洲猪瘟疫情，养猪板块受到影响。水产板块海参价格飙涨，推荐好当家。上周，海参价格飙涨，周环比涨幅超过 25%。高温天气导致主产区海参大面积死亡减产或是主要推动因素。海参生长期长，减产所导致的供给短缺通常需要 1-2 年才能弥补，从这个角度，我们判断价格有望持续上涨。我们观察自 2007 年以来的海参价格历史走势，最高点是 230 元 / 公斤附近，目前为 164 元 / 公斤，相比较于高点，未来仍有一定上涨空间。海参涨价主要受益公司有好当家，该公司业绩弹性较大，推荐买入。我们简单测算，海参全年均价每上涨 10 元 / 公斤，公司 EPS 将增厚 0.034 元。白鸡板块行业景气持续高位，继续看好。上周，商品代鸡苗、毛鸡和白条鸡价格联袂上涨，养殖端和屠宰端盈利都有所上升，白鸡行业景气持续高涨。种鸡存栏方面，近期协会监测数据显示，全国祖代在产存栏量持稳于 80 万套附近，监测范围的父母代在产存栏持稳于 1440 万套附近，两者处于近年来低位，预计供给端方面仍可提供鸡价持续上涨动力。屠宰场库容率和开工率较去年同期略高，9-10 月份仍有上行。短期来看，供需两端都有利于推动鸡价上涨。预计近期鸡价很可能会突破前期历史高点。在中美贸易战、欧洲高致病性禽流感疫情持续等背景下，我们判断国内白鸡引种减少大概率会持续至 2019 年。受此影响，本轮白鸡景气也将贯穿 2019 年，继续给予白鸡板块看好评级，个股方面重点推荐益生股份和圣农发展。生猪板块疫情多点出现，养殖去产能进程或加快。上周，猪价回调，非洲猪瘟疫情多点出现导致屠宰场放慢收猪节奏压制需求或是主要原因。受疫情的影响，需求低迷或会延续并抑制猪价反弹。目前，养猪公司股价受市场情绪大幅下跌，估值回归至底部极限区域，存在低估，股价有向上空间。养猪股建议在估值底部区域进行长线布局，重点推荐个股有温氏股份、大北农、天邦股份、唐人神。,生猪：第 33 周，辽宁产区生猪出厂价为 12.86 元 / 公斤，环比降 0.08 元 / 公斤；自繁自养头猪盈利 182.02 元 / 头。7 月底，全国生猪存栏量为 32340.00 万头，环比下降 0.80%，同比降 2.00%；能繁母猪存栏量为 3180.00 万头，环比降 1.90%，同比降 4.00%。鸡：第 33 周，山东烟台产区白羽肉鸡（二类厂）棚前价格 4.44 元 / 斤，环比涨 0.17 元 / 斤；山东烟台产区白羽肉鸡苗 4.68 元 / 羽，环比涨 0.60 元 / 羽；第 33 周，肉鸡养殖单羽盈利 4.52 元。饲料：据博亚和讯统计，第 33 周，肉鸡料均价 2.85 元 / 公斤，环比涨 0.03 元 / 公斤；蛋鸡料价格 2.59 元 / 公斤，环比持平；育肥猪料价格 2.72 元 / 公斤，环比持平。水产品：第 33 周，山东威海大宗批发市场海参价格 164 元 / 公斤，环比涨 34 元 / 公斤；扇贝价格 8 元 / 公斤，环比持平；对虾价格 180 元 / 公斤，环比持平；鲍鱼价格 120 元 / 公斤，环比持平；第 32 周，全国农贸批发市场鲤鱼价格 12.73 元 / 公斤，环比跌 0.07 元 / 公斤；鲢鱼价格 9.75 元 / 公斤，环比跌 0.10 元 / 公斤；草鱼价格 15.04 元 / 公斤，环比涨 0.08 元 / 公斤；鲫鱼价格 16.30 元 / 公斤，环比涨 0.07 元 / 公斤。糖、棉、玉米和豆粕：第 33 周，南宁白糖现货价 5244 元 / 吨，环比跌 46 元 / 吨；中国 328 级棉花价格 16293 元 / 吨，环比涨 35 元 / 吨；全国玉米收购均价 1759 元 / 吨，环比跌 6 元 / 吨；全国豆粕现货均价 3285 元 / 吨，环比涨 90 元 / 吨。,突发疫病、畜禽、水产价格、玉米等原料价格变化不及预期
