report_id,投资建议,行业信息,风险提示
20250428,行业评级及策略：农产品价格近期走势有所分化，粮价继续上涨，畜禽价格上涨后转为震荡。关税反制事件凸显国内粮食安全的重要性，产业发展政策环境有望持续优化，继续看好板块投资机会。1、养殖产业链 1）生猪：产能增长停滞，板块估值处于底部，重视长期投资机会猪价偏弱震荡。本周末，全国生猪出厂均价 14.95 元 / 公斤，较上周跌 0.02 元；猪价年后在成本线上方偏强震荡，整体走势强于市场预期；同期，16 省市规模屠宰企业生猪宰后均重 91.97 公斤 / 头，较上周涨 0.51 公斤；全国生猪加工企业开工率为 35.18%，较上周升 0.4 个百分点。短中期来看，需求方面，5-6 月份为消费偏淡季节，屠宰端和批零售端的生猪备货采购需求减弱，屠宰产能利用率通常会回落；供给端，育肥猪出栏量受前期产能数量增加和效率提升的共同影响将继续上升，且养殖场压栏情绪上升导致出栏体重稳中有升，虽然对美进口产品加征关税或导致猪肉进口量略有减少，但综合来看，供给增加和需求走弱，预计猪价或转偏弱震荡。行业产能增长基本停滞。截至 25 年 3 月底，全国能繁母猪存栏 4039 万头，月环比减 1% 据官方数据，本周末，主产区自繁自养头均盈利 100 元，较上周多盈 21 元。同期，主产区 15 公斤仔猪出栏均价 40.9 元 / 公斤，较上周持平。育肥环节盈利略有扩大，扩繁环节盈利丰厚，行业去产能动力继续观察。个股估值处于历史低位，长期投资价值凸现。近期，大部上市公司头均市值（对应 2025 年预估出栏量）回落至历史底部区间，龙头牧原和温氏处 1900-2600 元 / 头区间、唐人神、天康生物、京基智农、大北农、金新农、华统股份等处 500-2000 元 / 头区间，距离历史均值有较大上升空间，长期投资投资凸显。2）白鸡：鸡价震荡，关注禽流感和关税反制鸡价震荡：本周末，烟台鸡苗均价 3.1 元 / 羽，较上周持平；主产区白羽肉毛鸡棚前收购均价 3.73 元 / 斤，较上周跌 0.02 元；短期来看，由于父母代在产存栏水平目前处于高位，商品代白鸡产能和鸡肉产品供给充足；对自美进口鸡肉加征关税后，鸡肉进口量或减少；供需变化背景下，鸡产品价格或转向偏强震荡。行业产能高位下行：上周末，主产区肉鸡养殖环节单羽盈利 0.12 元，与上周相比多盈 0.21 元；中期来看，由于父母代种鸡后备存栏减少，且美国爆发禽流感影响国内引种，白鸡行业产能水平和鸡肉供给有望趋势下行，因此产品价格中期上涨动力有望转强；估值方面，个股羽均市值处于历史低位，投资安全边际高，建议关注。中期来看，产业链盈利有望向下游倾斜，重点关注圣农发展。3）黄鸡：产能处于底部，鸡价底部上涨，关注周期机会鸡价触底上涨：2025 年 3 月，立华黄鸡售价 10.69 元 / 公斤，较上月涨 0.32 元；温氏黄鸡售价 10.89 元 / 公斤，较上月涨 0.46 元。短期来看，黄鸡供应趋紧，消费偏弱，鸡价或延续震荡。行业：2025 年 3 月，黄鸡行业产业链一体化模式只均盈利较上月回升。从近期父母代种鸡在产存栏数据来看，行业产能环比有所回升，但仍处于近 5 年来的历史低位水平，鸡价中期上涨动力较强。估值方面，个股羽均市值处于历史低位，投资安全边际高，且产业链景气向好，给予看好评级，重点关注立华股份。4）动保：行业景气底部复苏，关注后周期机会动保行业 1 季报业绩表现良好，景气触底得到验证。随着生猪存栏回升和养猪业保持盈利，动保产品销量和行业景气有望逐渐回升。国产猫三联疫苗上市以后，销量增长明显，且长期增长空间较大，未来发展值得期待；非瘟疫苗研发持续推进，一旦获批上市，有望打开行业成长空间，龙头公司将受益其中。2、种植产业链 1）种业：关注粮食安全背景下的产业政策境持续优化近期，主管部门发文公示，99 个转基因玉米和大豆品种拟通过国审初审。通过后，国内转基因玉米和大豆品种将迎来大幅扩容。我们认为，在粮食安全背景下，推动转基因产业化扩面提速，提高农业生产效率势在必行，相关政策环境有望持续优化，预计未来几年转基因生物技术产业化将在政策助力下加速推进，种业公司业绩基本触底，且未来上升基础加固，龙头公司估值处于底部，长期配置价值凸显。2）种植：粮食进口减少，关注粮价上涨所带来的投资机会粮价近期上涨，关注板块的防御和反制属性。本周末，全国玉米收购均价 2291 元 / 吨，较上周涨 1 元；全国小麦收购均价 2434 元 / 吨，较上周涨 8 元。国内粮食进口 1 季度下降，玉米、小麦进口量为 26 万吨和 19 万吨，同比减 96.7% 和 93%。为反制美国加征关税等贸易保护主义行为，中国宣布对美输华多种农产品加征关税。目前，中国对美玉米、大豆等均加征关税至 135-140%。短中期来看，贸易加征关税或导致自美农产品进口持续减少，尤其是大豆、玉米、高粱等品种，从而有利于国内农产品价格底部上涨。建议关注粮价上涨预期下的投资机会，重点关注北大荒和苏垦农发。,生猪：第 17 周末，全国生猪出厂均价 14.95 元 / 公斤，较上周跌 0.02 元；主产区自繁自养头均盈利 100 元，较上周多盈 21 元。截至 25 年 3 月底，全国能繁母猪存栏 4039 万头，月环比减 1%；肉鸡：第 17 周末，烟台鸡苗均价 3.1 元 / 羽，较上周持平；主产区白羽肉毛鸡棚前收购均价 3.73 元 / 斤，较上周跌 0.02 元；白条鸡均价 13.5 元 / 公斤，较上周持平；主产区肉鸡养殖环节单羽盈利 0.12 元，与上周相比多盈 0.21 元；饲料：第 17 周末，肉鸡料均价 3.45 元 / 公斤，较上周涨 0.05 元；育肥猪料价格 3.35 元 / 公斤，与上周持平；原奶：第 16 周末，全国主产区生鲜乳出场均价 3.08 元 / 公斤，较上周涨 0.01 元；全国牛奶零售价 12.2 元 / 升，较上周涨 0.01 元；水产品：第 17 周末，威海海参 / 扇贝 / 对虾 / 鲍鱼批发价 110/10/280 元 / 公斤，较上周持平；鲍鱼为 110 元 / 公斤，较上周持平；粮食及其他：第 17 周末，南宁白糖成交均价 6210 元 / 吨，较上周涨 48 元；全国 328 级棉花成交均价 14198 元 / 吨，较上周跌 52 元；全国玉米收购均价 2291 元 / 吨，较上周涨 1 元；国内豆粕市场均价 3821 元 / 吨，较上周涨 396 元；全国小麦收购均价 2434 元 / 吨，较上周涨 8 元。,突发疫病、畜禽、原奶、水产价格、玉米等原料价格变化不及预期
20251102,1、养殖产业链 1）生猪：行业持续亏损，产能去化动力增强猪价近期略有反弹，仔猪价格止跌。本周末，全国生猪出厂均价 12.49 元 / 公斤，较上周涨 0.67 元；主产区 15 公斤仔猪出栏均价 23.14 元 / 公斤，较上周涨 0.35 元；生猪屠宰开工率较高，出栏重量趋稳，9 月份上市公司生猪出栏同比持续增多。本周末，全国规模以上屠宰企业开工率为 35.4%，较上周降 1.38 个百分点，较上年同期升 5.13 个百分点；上周，16 省市规模屠宰企业生猪宰后均重 89.37 公斤 / 头，较之前一周增 0.1 公斤，较上年同期降 1.8 公斤；2025 年 1-9 月，17 家养猪上市公司生猪出栏量 13438.63 万头，同增 18%。行业持续亏损，叠加疫情风险和政策等因素，产能去化动力增强。我国养猪行业产能近期虽略有下降，但处于近年来较高水平。据统计局数据，截至 9 月末，全国能繁母猪存栏 4035 万头，较上月末少 3 万头，较去年末高点少 37 万头。行业连续 7 周亏损，且近期处于中度亏损状态。本周末，主产区自繁自养头均亏损 89 元，较上周多亏 96 元。疫情方面，近期全国雨水较往年同期明显增多，不利于非瘟疫情的防控，养殖业所面临的疫情风险在上升。政策方面，9 月 16 日，发改委联合农业农村部等有关部门召开生猪产能调控座谈会，会议再次释放减产能的明确政策信号，后续政策落地情况有待观察。综合来看，我国养猪业目前面临着 “市场价格下跌 + 疫情风险上升 + 政策引导” 的三重压力，行业去产能动力预计将逐渐增强；个股估值处于历史低位，长期投资价值凸现。目前，大多数养殖上市公司头均市值（对应 2025 年预估出栏量）仍处于历史底部区间，距离历史均值有较大上升空间，长期投资价值凸显。2）白鸡：毛鸡价格低位震荡，中期有望上涨近期鸡苗高位震荡，毛鸡低位震荡：本周末，烟台鸡苗均价 3.7 元 / 羽，较上周涨 0.2 元，处于历史中位；主产区白羽肉毛鸡棚前收购均价 3.52 元 / 斤，较上周涨 0.15 元，处于历史低位；白条鸡均价 13.8 元 / 公斤，较上周跌 0.3 元，处于历史中位；行业产能升至历史高位水平，9 月祖代更新量增加：9 月末，白鸡行业祖代和父母代在产存栏水平环比上升，双双处于历史同期高位水平。本周，主产区肉鸡养殖环节单羽亏损 1.1 元，较上周多亏了 0.66 元。9 月份，行业祖代更新量环比下降；2025 年前 9 个月，全行业祖代鸡更新量同比下降。预计明年上半年，随着传导效应的显现，商品代鸡苗和毛鸡供给将减少，鸡价有望止跌反弹。估值方面，个股羽均市值处于历史低位，投资安全边际高，建议关注。中期来看，产业链盈利有望向上游倾斜，重点关注相关公司。3）黄鸡：近期鸡价持续上涨，产能低位近期鸡价持续上涨：2025 年 9 月，温氏黄鸡售价 13.53 元 / 公斤，较上月涨 1.38 元；立华黄鸡售价 13.02 元 / 公斤，较上月涨 1.33 元；行业产能处于历史较低水平：9 月末，国内父母代种鸡在产存栏水平环比上月有所回落，处于历史较低水平。黄鸡行业产业链一体化模式企业 8 月扭亏为盈，9 月盈利继续增长。黄鸡价格自年初以来在成本线附近偏弱震荡，8、9 月份开始大幅上涨，主要是受到消费旺季需求恢复增长的影响。预计 4 季度，秋冬消费旺季因素还会支撑需求继续增长，鸡价或持续上涨。估值方面，个股羽均市值处于历史低位，投资安全边际高，且产业链景气向好，给予看好评级，重点关注立华股份和温氏股份。4）动保：主要抗生素价格维持高位，动保公司三季报业绩预期乐观动保行业景气年初以来触底回升，主要上市公司三季报业绩表现良好。泰妙菌素和泰万菌素等产品 3 季度价格环比 1 季度都有不同程度的上涨，处于近 1 年来的高位。国产猫三联疫苗前三季度销量增长明显，未来随着国产替代进程的加快，有望持续增长；建议关注积极开展宠物动保业务的公司，如瑞普生物等。2、种植产业链 1）种业：产业政策持续优化，转基因推进粮价中期上涨有利于种子价格上涨。中长期来看，种子产业战略性地位突出，转基因生物技术产业化继续稳步推进，种子产品升级迭代将有利于带动优质种子公司销售放量、价格提升和产业结构升级，且龙头公司估值处于底部，长期投资配置价值凸显。2）种植：粮价企稳，中期有望上涨粮价各品种价格近期基本止跌企稳，中期有望上涨。上周末，全国玉米收购均价 2274 元 / 吨，较上周跌 24 元；本周末，全国小麦收购均价 2482 元 / 吨，较上周涨 22 元。中期来看，由于我国粮食进口减少，且美联储降息背景下国际粮价上涨预期较强，以及我国实施粮食最低收购价政策对粮食市场构成利好支撑，国内粮价有望上涨。建议关注种植板块的投资机会，重点关注苏垦农发。,生猪：本周末，全国生猪出厂均价 12.49 元 / 公斤，较上周涨 0.67 元；本周末，主产区自繁自养头均亏损 89 元，较上周多亏 96 元。截至 25 年 9 月底，全国能繁母猪存栏 4035 万头，月环比减 0.2%；肉鸡：本周末，烟台鸡苗均价 3.7 元 / 羽，较上周涨 0.2 元；主产区白羽肉毛鸡棚前收购均价 3.52 元 / 斤，较上周涨 0.15 元；白条鸡均价 13.8 元 / 公斤，较上周跌 0.3 元；本周末，主产区肉鸡养殖环节单羽亏损 1.1 元，较上周多亏 0.66 元；饲料：本周末，肉鸡料均价 3.45 元 / 公斤，较上周持平；育肥猪料价格 3.33 元 / 公斤，较上周跌 0.01 元；原奶：上周末，全国主产区生鲜乳出场均价 3.04 元 / 公斤，较上周持平；全国牛奶零售价 12.17 元 / 升，较上周跌 0.01 元；水产品：本周末，威海海参 / 扇贝 / 鲍鱼批发价 100/10/80 元 / 公斤，较上周持平；对虾批发价为 300 元 / 公斤，较上周持平；粮棉糖：本周末，南宁白糖成交均价 5750 元 / 吨，较上周跌 8 元；全国 328 级棉花成交均价 14841 元 / 吨，较上周涨 88 元；上周末，全国玉米收购均价 2274 元 / 吨，较上周跌 24 元；本周末，国内豆粕市场均价 3049 元 / 吨，较上周涨 43 元；全国小麦收购均价 2482 元 / 吨，较上周涨 22 元。,突发疫病、畜禽、原奶、水产价格、玉米等原料价格变化不及预期
20170605,农产品价格走势分化，猪价下跌，鱼价上涨。水产饲料行业销量有望继续增长，基本面持续向好，继续给予推荐。受板块低迷影响，部分优质白马股估值沉至底部，后市有望逐渐修复，建议关注。1、继续推荐水产饲料板块，重点关注个股是海大集团、天马科技。水产品价格持续上涨，水产养殖户积极性上升，将加大投苗量和单位面积的饲料投喂量。受益于此，水产饲料行业销量有望继续增长。重点推荐个股是海大集团和天马科技。海大集团 5 月份饲料销量增速环比有所下滑，主要是由于上一年高基数的影响，认为全年水产料增速 20%+ 的预期并没有改变，叠加猪料、禽料的增长，总体饲料销量增速有望超过两成；天马科技研发优势和销售优势明显，产能扩张步伐较快，产销量及业绩有望快速增长。2、部分优质白马股估值处于历史底部，后市有望迎来估值修复的投资机会。隆平高科对应最近 12 个月业绩的市盈率不到 44 倍，估值处于底部，近 5 年的估值中枢是 54 倍，上轨是 74 倍，至少有 20%+ 的空间；海大集团对应最近 12 个月业绩的市盈率不到 30 倍，估值处于中下部，近 5 年的估值上轨是 38 倍，有 20%+ 的空间。北大荒对应最近 12 个月业绩的市盈率仅为 21 倍，估值处于底部。登海种业对应最近 12 个月业绩的市盈率仅为 29 倍，估值处于底部，近 5 年中枢是 33 倍，有 10%+ 的空间。,生猪：本周，辽宁产区生猪出场价格 12.92 / 公斤，较上周下跌 0.57 元 / 公斤。上周，自繁自养头猪盈利 197.71 元，较前一周减少 33.04 元。农业部全国 400 个监测县生猪存栏检测信息显示，4 月末，生猪存栏同比下降 1.4%，环比增加 0.4%，能繁母猪存栏量同比下降 2.1%，环比持平。鸡：本周，山东烟台产区白羽肉鸡（二类厂）棚前价格 3.16 元 / 斤，较上周上涨 0.02 元 / 斤；山东烟台产区白羽肉鸡苗出厂价单羽 0.8 元 / 羽，较上周下跌 0.22 元 / 羽；白羽肉鸡养殖单羽亏损 0.87 元（上周），亏损幅度环比收窄；肉鸡苗孵化环节单羽盈利 0.04 元（上周），4 月份以来首次扭亏。饲料：据博亚和讯统计，肉鸡饲料价格（上周）2.70 元 / 公斤，环比下跌 0.02 元 / 公斤；蛋鸡饲料价格（上周）2.46 元 / 公斤，环比持平；育肥猪配合饲料价格（上周）2.63 元 / 公斤，环比持平。水产品：本周，山东威海市场海参大宗批发价格是 120 元 / 公斤，环比持平；扇贝大宗批发价格 8 元 / 公斤，环比持平；对虾大宗批发价格 150 元 / 公斤，环比持平；鲍鱼大宗批发价格 170 元 / 公斤，环比持平；上周，全国鲤鱼批发价格是 12.11 元 / 公斤，较前一周下跌了 0.07 元 / 公斤；鲢鱼批发价格是 9.22 元 / 公斤，较前一周下跌了 0.08 元 / 公斤；草鱼批发价格是 15.95 元 / 公斤，较前一周上涨了 0.13 元 / 公斤；鲫鱼批发价格是 18.45 元 / 公斤，较前一周上涨了 0.07 元 / 公斤。糖、棉、玉米和豆粕：本周，南宁白糖现货价 6773 元 / 吨，环比下跌 25 元 / 吨；中国 328 级棉花价格 16069 元 / 吨，环比下跌 8 元 / 吨；全国玉米收购均价 1472 元 / 吨，环比上涨 2 元 / 吨；全国豆粕现货均价 2748 元 / 吨，环比下跌 118 元 / 吨。,突发疫病、畜禽、水产价格、玉米等原料价格变化不及预期
