report_id,市场回顾,投资建议,行业信息,风险提示
20180223,农业板块上涨，农业综合、林业、种植业涨幅领先。1、第 8 周，申万农业指数上涨 1.43%，上证综指上涨 2.81%，深证成指上涨 2.21%，农业板块涨幅落后于大市。2、二级子板块只有畜禽养殖下跌，其他板块均上涨。3、第 8 周，前 10 大涨幅个股分布于种业、种植业、农业综合二级板块，种业、种植业板块上涨个股较多；前 10 大跌幅个股分布于畜禽养殖、饲料等二级子板块，畜禽养殖板块下跌个股较多。涨幅前 3 名个股分别是敦煌种业、农发种业、ST 景谷。,周观点：春节期间，猪价下跌，鸡苗和豆粕价格上涨，其他大宗农产品价格基本持平。我们对节后农业板块行情判断如下：1、动物保健：建议主动配置，部分公司 18/19 年业绩确定性高增长，推荐关注生物股份、中牧股份和普莱柯。生物股份、中牧股份 18 年业绩增速有望达到 30%，目前滚动 PE 生物股份不到 30 倍，中牧股份不到 23 倍。普莱柯 18 年业绩增速有望达到 60%，目前滚动 PE 为 50 倍，动态 PE 为 34 倍。2、种植业及种业：近期关注两会的主题行情，可积极布局。近几年的两会期间，围绕种植及种业都会出现一些热门议题，并带来一波行情。经统计，2013-2017 年的两会后一周，种植业板块涨幅为 2.14%/0.7%/4.03%/0.82%/1.44%。预计，2018 年中央一号文件所聚焦的乡村振兴战略将在今年两会期间被热议，相关主题如土地制度改革、农垦改革、现代农业、精准扶贫等值得关注。个股推荐关注苏垦农发、登海种业和隆平高科。3、生猪养殖板块：全年来看不必悲观。春节期间，猪价走势疲软。节后是消费淡季，疲软走势或持续。预计到 5 月份，猪价将有季节性反弹。全年来看，猪价中枢将较上年下沉，幅度有待观察，我们认为不必太悲观。生猪养殖受环保影响还是有集中度提升龙头企业扩产的逻辑，全年来看未必会跑输指数，中间有淡季旺季的波动，但这属于正常。重点关注标的是牧原股份、温氏股份、天邦股份、正邦科技、大北农、金新农和唐人神。1 月份，天邦股份、正邦科技生猪出栏增速领先，可予以重点关注。4、肉鸡板块：近期关注鸡价上涨，可积极布局。春节期间，鸡苗价格延续了自 1 月中旬以来的上涨走势。我们继续看涨上半年鸡苗和毛鸡价格，建议积极布局。个股方面，推荐关注圣农发展和民和股份。,生猪：第 8 周，辽宁产区生猪出厂价为 12.27 元 / 公斤，周环比跌 0.22 元 / 公斤；第 6 周，自繁自养头猪盈利 170.98 元，周下降 69.92 元。1 月末，全国生猪存栏量为 33743 万头，月环比降 1.20%，月同比降 3.20%；能繁母猪存栏量为 3414 万头，月环比降 0.30%，月同比降 4.90%。鸡：第 6 周，山东烟台产区白羽肉鸡（二类厂）棚前价格 3.73 元 / 斤，周环比跌 0.10 元 / 斤；第 7 周，山东烟台产区白羽肉鸡苗出厂价 3.40 元 / 羽，周环比涨 0.22 元 / 羽；第 6 周，肉鸡养殖单羽亏损 0.18 元。饲料：据博亚和讯统计，第 6 周，肉鸡料均价 2.8 元 / 公斤，周环比持平；蛋鸡料价格 2.58 元 / 公斤，周环比持平；育肥猪料价格 2.68 元 / 公斤，周环比持平。水产品：第 8 周，山东威海大宗批发市场海参价格 116 元 / 公斤，周环比跌 4 元 / 公斤；扇贝价格 8 元 / 公斤，周环比持平；对虾价格 180 元 / 公斤，周环比持平；鲍鱼价格 160 元 / 公斤，周环比跌 10 元 / 公斤；第 5 周，全国农贸批发市场鲤鱼价格 12.55 元 / 公斤，周环比涨 0.04 元 / 公斤；鲢鱼价格 9.63 元 / 公斤，周环比涨 0.18 元 / 公斤；草鱼价格 14.63 元 / 公斤，周环比涨 0.21 元 / 公斤；鲫鱼价格 16.26 元 / 公斤，周环比跌 0.05 元 / 公斤。糖、棉、玉米和豆粕：第 6 周，南宁白糖现货价 6060 元 / 吨，周环比跌 81 元 / 吨，第 8 周尚无报价；第 8 周，中国 328 级棉花价格 15698.33 元 / 吨，周环比跌 1.67 元 / 吨；全国玉米收购均价 1737 元 / 吨，周环比涨 2 元 / 吨；全国豆粕现货均价 3063.94 元 / 吨，周环比涨 99.70 元 / 吨。,突发疫病、畜禽、水产价格、玉米等原料价格变化不及预期
20180924,农业板块上涨，农业综合和动物保健子行业涨幅领先。第 38 周，申万农业指数上涨 1.31%，上证综指上涨 4.31%，深证成指上涨 3.63%，农业板块表现落后于大市；除渔业外，其他二级子板块全部上涨，农业综合和动物保健涨幅领先，表现优于其他子板块；前 10 大涨幅个股主要分布于农业综合和动物保健板块，动保板块上涨个股较多；前 10 大跌幅个股主要分布于畜禽养殖和渔业板块；涨幅前 3 名个股分别是 ST 东凌、星普医科和海利生物。,近期，鸡价明显回落，产销区猪价走势继续分化。我们对后市农业板块观点不变。白鸡板块四季度鸡价仍有望走强，继续看好。近期，白鸡鸡苗、毛鸡价格季节性回调，白条肉价格继续维持高位。展望四季度，我们认为鸡价走强将强于去年同期，主要理由有：首先，需求层面，由于近期鸡价高位抑制了屠宰场收购毛鸡的需求，导致开工率和库容率上升缓慢，预计后市库存压力较小。据统计，截至 9 月 21 日，主产区屠宰场库容率为 75%，开工率为 71%，而上年同期，库容率为 82%，开工率为 73%；其次，8 月 17 日，商务部决定将对进口巴西白鸡产品的反倾销立案调查延期半年，预计四季度国内从巴西进口鸡肉量将维持低位；第三，国内祖代和父母代种鸡存栏量仍处于低位，国内产不足需的状况还将延续。综上所述，我们认为，四季度白鸡毛鸡和鸡苗市场供不足需的格局将延续，价格有望继续走强。白鸡板块 3 季度业绩高增长确定，4 季度业绩增长也有望超预期，继续看好该板块，主要推荐标的是益生股份和圣农发展。生猪板块猪价产销区继续分化，中期反转有望提前，建议布局。猪价产销区继续分化，辽宁、河南下跌明显，湖南、广东上涨。全国已发生 21 起非洲猪瘟疫情，有 16 个省份被暂停生猪跨省调运，预计猪价产销区分化走势延续。受疫情影响，养猪业或加快被动去产能进程，猪周期或提前见底反转，预计时点或在 19 年中期。疫情倒逼行业提高生物安全防治水平，上市公司在这方面水平要明显高于中小散户，预计受到疫情的负面影响相对较小。估值方面，养猪公司股价和估值都已经跌到了历史大底，中期有望随着猪周期反转提前而回升，建议现阶段进场配置。主要推荐标的是温氏股份、唐人神和天邦股份。种植板块受 18/19 年制种量下降影响，玉米种子行业景气有望触底反转。18/19 年，由于大企业主动压缩制种面积，导致全国玉米制种面积大幅减少。尽管天气因素利好作物生长和单产上升，但种子总产量将会下降。据全国农技推广中心预计，18/19 年全国玉米制种量约为 8.93 亿公斤，较上年减少约 1 亿公斤，期末余量将从上年的 7-8 亿公斤降至 6-7 亿公斤。余料量下降至近年来低位水平意味着玉米种子行业供求格局将由过度宽松趋向平衡，受此影响，种业景气有望触底反转。推荐玉米制种板块，推荐标的有登海种业、隆平高科。,生猪：第 38 周，辽宁产区生猪出厂价为 12.04 元 / 公斤，较上周跌 0.12 元 / 公斤；自繁自养头猪盈利 206.41 元 / 头。8 月底，全国生猪存栏量为 32243 万头，环比下降 0.3%，同比降 2.4%；能繁母猪存栏量为 3145 万头，环比降 1.1%，同比降 4.8%。鸡：第 38 周，山东烟台产区白羽肉鸡（二类厂）棚前价格 4 元 / 斤，较上周跌 0.59 元 / 斤；山东烟台产区白羽肉鸡苗 4.72 元 / 羽，环比跌 0.42 元 / 羽；第 38 周，肉鸡养殖单羽盈利 0.58 元。饲料：据博亚和讯统计，第 38 周，肉鸡料均价 2.87 元 / 公斤，较上周涨 0.02 元 / 公斤；蛋鸡料价格 2.63 元 / 公斤，较上周涨 0.01 元 / 公斤；育肥猪料价格 2.74 元 / 公斤，较上周涨 0.01 元 / 公斤。水产品：第 38 周，山东威海大宗批发市场海参价格 160 元 / 公斤，与上周持平；扇贝价格 11 元 / 公斤，与上周持平；对虾价格 180 元 / 公斤，与上周持平；鲍鱼价格 140 元 / 公斤，较上周涨 20 元 / 公斤；第 37 周，全国农贸批发市场鲤鱼价格 12.42 元 / 公斤，较上周跌 0.05 元 / 公斤；鲢鱼价格 9.58 元 / 公斤，较上周涨 0.01 元 / 公斤；草鱼价格 14.74 元 / 公斤，与上周持平；鲫鱼价格 16.19 元 / 公斤，较上周涨 0.09 元 / 公斤。糖、棉、玉米和豆粕：第 38 周，南宁白糖现货价 5140 元 / 吨，较上周涨 6 元 / 吨；中国 328 级棉花价格 16343 元 / 吨，较上周涨 5 元 / 吨；全国玉米收购均价 1812 元 / 吨，较上周涨 15 元 / 吨；全国豆粕现货均价 3343 元 / 吨，较上周涨 24 元 / 吨。,突发疫病、畜禽、水产价格、玉米等原料价格变化不及预期
20250907,本周农业指数上涨，板块行情表现同步于大市。1. 本周，申万农业指数上涨 3.71%，同期，上证综指上涨 3.48%，深成指上涨 4.56%，农业板块整体表现与大市同步。2. 二级子行业指数全部上涨，其中养殖、农产品加工涨幅领先；3. 前 10 大涨幅个股主要集中在养殖板块，前 10 大跌幅个股集中在种植板块。涨幅前 3 名个股依次为申联生物、国投中鲁和景谷林业。,1、养殖产业链 1）生猪：仔猪价格大跌，行业产能去化逐步得到验证猪价近期震荡，仔猪价格回落后持稳。本周末，全国生猪出厂均价 13.77 元 / 公斤，较上周涨 0.11 元；上周，主产区 15 公斤仔猪出栏均价 28 元 / 公斤，较上周跌 0.55 元。生猪屠宰开工率上升。本周末，全国规模以上屠宰企业开工率为 33.72%，较上周升 0.48 个百分点，较上年同期升 7.31 个百分点；上周，16 省市规模屠宰企业生猪宰后均重 89.22 公斤 / 头，较上周降 0.33 公斤，较上年同期降 2.44 公斤；生猪宰后均重自高点以来持续回落，整体回落了 3.4 公斤。1-7 月，16 家上市公司生猪出栏量 10095 万头，同增 17.1%。疫情风险叠加政策引导，静候行业产能去化。据统计局数据，截至 7 月末，全国能繁母猪存栏 4042 万头，较去年末高点减少 38 万头。本周末，主产区自繁自养头均盈利 52 元，较上周多盈 20 元。非瘟疫情近期在越南和国内广西出现，养殖业所面临的疫情风险上升。据 wind 报导，7 月份以来越南非瘟疫情持续恶化，截止 8 月 5 日的过去两周内感染生猪数量从 3 万头激增至 10 万头以上，疫情暴发点从 514 处增至 972 处。广西农业主管部门信息显示广西 7 月下旬发生 1 起非瘟疫情。生猪养殖行业反内卷调控政策近期密集发布，继发改委 6 月初提出了不增产能和降重稳价倡议和农业部 7 月下旬召集养殖屠宰核心企业会议提出了严格落实产能调控举措之后，行业协会 8 月 13 日召开会议倡议行业削减产能至 3950 万头，多家头部企业参会。会后业内龙头企业表态将积极响应产能调控政策，调减产能。尽管育肥和扩繁环节持续盈利，但预计随着反内卷政策的继续实施和规避疫情风险的需要，行业产能有望去化。个股估值处于历史低位，长期投资价值凸现。目前，大多数养殖上市公司头均市值（对应 2025 年预估出栏量）仍处于历史底部区间，距离历史均值有较大上升空间，长期投资价值凸显。2）白鸡：鸡苗价格高位震荡鸡价震荡走弱：本周末，烟台鸡苗均价 3.6 元 / 羽，较上周跌 0.2 元；主产区白羽肉毛鸡棚前收购均价 3.52 元 / 斤，较上周跌 0.08 元；白条鸡均价 14.3 元 / 公斤，较上周持平；行业产能处于历史高位水平，前 7 月引种较少：本周末，父母代在产存栏水平仍处于历史高位水平。本周，主产区肉鸡养殖环节单羽盈利 0.44 元，较上周少盈 0.93 元；行业前 7 月未从美国、新西兰引种，仅从法国引种，全行业祖代鸡更新量同比下降明显。鸡价近期走势偏强，预计强势有望延续至 4 季度。估值方面，个股羽均市值处于历史低位，投资安全边际高，建议关注。中期来看，产业链盈利有望向上游倾斜，重点关注益生股份。3）黄鸡：鸡价大幅上涨，产能低位鸡价近期回落：2025 年 8 月，温氏黄鸡售价 12.15 元 / 公斤，较上月涨 2.26 元。行业产能底部上升：父母代在产存栏水平近期较年初有所回升但幅度有限，整体处于历史较低水平。黄鸡行业产业链一体化模式养殖 8 月大幅盈利，一改前期亏损格局。黄鸡价格自年初以来在成本线附近偏弱震荡，近期开始大幅上涨主要受产能低位和消费需求恢复增长的影响；预计 4 季度，随着秋冬消费旺季的到来，消费需求继续增长，鸡价或持续反弹。估值方面，个股羽均市值处于历史低位，投资安全边际高，且产业链景气向好，给予看好评级，重点关注立华股份。4）动保：行业景气底部复苏，关注行业产能变化动保行业景气年初以来触底回升，主要上市公司 1 季报业绩表现良好，瑞普生物等 4 家公司中期业绩预增明显。泰妙菌素和泰万菌素等产品价格 1 季度上涨，近期基本保持稳定。国产猫三联疫苗上半年销量增长明显，未来随着国产替代进程的加快，有望持续增长；建议关注积极开展宠物动保业务的公司，如瑞普生物等。2、种植产业链 1）种业：产业政策持续优化，转基因推进中长期来看，粮食安全和提高农业生产效率是基本国策所在，转基因生物技术产业化将在政策助力下持续推进，种子产品升级迭代将有利于带动优质种子公司销售放量和价格提升，且龙头公司估值处于底部，长期投资配置价值凸显。2）种植：短期调整，中期或继续上涨粮价短期震荡调整，中期或继续上涨。本周末，全国玉米收购均价 2403 元 / 吨，较上周跌 18 元；全国小麦收购均价 2426 元 / 吨，较上周跌 4 元。粮食各品种价格近期震荡调整，主要是受到储备粮释放和新粮集中上市的影响。中期来看，由于粮食进口大幅减少、天气异常变化带来的减产预期影响仍在，加上地缘冲突常态化趋势并未有明显改观，以及国内粮食最低收购价政策利好支撑作用持续存在，预期国内粮价或继续震荡上涨。建议关注种植板块的投资机会，重点关注北大荒和苏垦农发。,生猪：本周末，全国生猪出厂均价 13.77 元 / 公斤，较上周涨 0.11 元；主产区自繁自养头均盈利 52 元，较上周多盈 20 元。截至 25 年 7 月底，全国能繁母猪存栏 4042 万头，月环比减 0.1%；肉鸡：本周末，烟台鸡苗均价 3.6 元 / 羽，较上周跌 0.2 元；主产区白羽肉毛鸡棚前收购均价 3.52 元 / 斤，较上周跌 0.08 元；白条鸡均价 14.3 元 / 公斤，较上周持平；主产区肉鸡养殖环节单羽盈利 0.44 元，较上周少盈 0.93 元；饲料：本周末，肉鸡料均价 3.45 元 / 公斤，较上周持平；育肥猪料价格 3.35 元 / 公斤，较上周持平；原奶：上周末，全国主产区生鲜乳出场均价 3.02 元 / 公斤，较上周持平；全国牛奶零售价 12.21 元 / 升，较上周涨 0.03 元；水产品：本周末，威海海参 / 扇贝 / 对虾批发价 90/10/320 元 / 公斤，较上周持平；鲍鱼 80 元 / 公斤，较上周持平；粮棉糖：本周末，南宁白糖成交均价 5894 元 / 吨，较上周跌 48 元；全国 328 级棉花成交均价 15450 元 / 吨，较上周涨 135 元；全国玉米收购均价 2403 元 / 吨，较上周跌 18 元；国内豆粕市场均价 3078 元 / 吨，较上周跌 3 元；全国小麦收购均价 2426 元 / 吨，较上周跌 4 元。,突发疫病、畜禽、原奶、水产价格、玉米等原料价格变化不及预期
