report_id,投资建议,行业信息,风险提示
20180309,周观点：近期，大宗农产品价格上涨，种植产业链受益，而养殖业成本端承压。我们对后市农业板块行情判断如下：种植及种业：行业景气复苏叠加两会主题机会，建议关注龙头公司。景气复苏：近期大宗玉米价格持续上涨，主要受临储真空期需求上升的影响。我们判断 18 年玉米价格中枢较上年明显上移，这将带动种业景气复苏。此外，国家对非法转基因的严厉打击，也在一定程度上抑制其对市场的侵蚀。我们预期产业复苏叠加产品升级换代，行业格局将发生深刻变化。拥有新优势品种的龙头公司有望脱颖而出。两会进程过半，热议议题所带来的阶段性投资机会有望重现，相关主题有土地确权和流转、农垦改革提速、现代种业建设推进、精准扶贫等。个股推荐关注苏垦农发、登海种业和隆平高科。肉鸡板块：景气向上趋势不变，建议择机配置。祖代到商品带的产能传导需要 1.5-2 年，当年肉鸡产量主要受之前 1-2 年祖代鸡更新量的影响。2014-2017 年，全国祖代种鸡的更新量为 119/72/64/69 万套，下降明显，因此判断 2018 年肉鸡产量将较上年下降，市场供需格局将得到改善。我们预计 2018 年商品代鸡苗全年均价为 3 元 / 羽，父母代鸡苗均价为 30 元 / 套。目前肉鸡养殖板块个股股价对应 2018 年业绩的估值位于 15 倍左右，具备配置价值。养鸡公司 1 季报业绩同比大幅好转高度确定，建议近期择机布局。个股方面，建议关注民和股份、益生股份、圣农发展、仙坛股份。动物保健：继续推荐龙头公司，推荐标的有生物股份、中牧股份和普莱柯。受益于生猪规模养殖提速，口蹄疫市场苗、圆环病毒苗和伪狂犬病苗等大品种有望快速增长，带动相关公司业绩快速增长。生物股份 18 年业绩增速有望达到 30%，目前滚动 PE 生物股份约 32 倍；中牧股份 18/19 年口蹄疫市场苗增速有望达到 100%/50%，目前滚动 PE 不到 25 倍。普莱柯 18 年业绩增速有望达到 60%，目前滚动 PE 为 54 倍，动态 PE 为 37 倍。生猪养殖板块：以量补价逻辑清晰，全年来看不必过于悲观。猪价近期下跌，到 5 月份预计将有反弹。全年来看，猪价中枢将较上年下沉，幅度我们认为不必太悲观。生猪养殖受环保影响还是有集中度提升龙头企业扩产的逻辑，全年未必会跑输指数。重点关注标的是牧原股份、温氏股份、天邦股份、正邦科技、大北农、新希望等。各企业陆续公布 1-2 月销售数据，正邦科技、天邦股份、牧原股份同比增速较快，可予重点关注。,"生猪：第 10 周，辽宁产区生猪出厂价为 10.59 元 / 公斤，环比跌 0.32 元 / 公斤；第 9 周，全国主产区自繁自养头猪亏损 56.36 元；1 月末，全国生猪存栏量为 33743 万头，环比降 1.20%，同比降 3.20%；能繁母猪存栏量为 3414 万头，环比降 0.30%，同比降 4.90%。鸡：第 10 周，山东烟台产区白羽肉鸡（二类厂）棚前价格 3.58 元 / 斤，周环比跌 0.16 元 / 斤；第 10 周，山东烟台产区白羽肉鸡苗出厂价 3.05 元 / 羽，环比跌 0.59 元 / 羽；第 9 周，肉鸡养殖单羽盈利 1.04 元 / 羽。饲料：据博亚和讯统计，第 9 周，肉鸡料均价 2.82 元 / 公斤，环比涨 0.02 元 / 公斤；蛋鸡料价格 2.59 元 / 公斤，环比持平；育肥猪料价格 2.72 元 / 公斤，环比涨 0.04 元 / 公斤。水产品：第 10 周，山东威海大宗批发市场海参价格 116 元 / 公斤，环比持平；扇贝价格 8 元 / 公斤，环比持平；对虾价格 180 元 / 公斤，环比持平；鲍鱼价格 140 元 / 公斤，环比跌 20 元 / 公斤；第 9 周，全国农贸批发市场鲤鱼价格 13.25 元 / 公斤，环比涨 0.20 元 / 公斤；鲢鱼价格 9.77 元 / 公斤，环比持平；草鱼价格 15.46 元 / 公斤，环比涨 0.38 元 / 公斤；鲫鱼价格 16.69 元 / 公斤，环比跌 0.12 元 / 公斤。糖、棉、玉米和豆粕：第 10 周，南宁白糖现货价 5959 元 / 吨，环比跌 146 元 / 吨；中国 328 级棉花价格 15,707.80 元 / 吨，环比跌 19 元 / 吨；全国玉米收购均价 1758 元 / 吨，环比涨 11 元 / 吨；全国豆粕现货均价 3260 元 / 吨，环比涨 134 元 / 吨。",突发疫病、畜禽、水产价格、玉米等原料价格变化不及预期
20180518,本周，农产品价格走势不一，猪价底部略有上涨，鸡价高位微幅回调。消息面上，中美贸易谈判达成一致，双方同意有意义地增加美国农产品和能源出口。我们对农业板块投资观点如下：1. 中美贸易谈判对国内农业短期影响有限，长期利好集中度提升。中国增加从美国进口农产品，短期来看，将给国内市场带来供给增量，压制价格上涨，不利于国内相关产业景气复苏，但考虑到粮食安全和食品安全仍是基本国策，且我国农产品进口来源国较多，进口结构有较大的调整空间，增加从美国进口农产品给市场新增的压力可以通过调整从其他国家进口来化解等多个因素，我们认为短期影响或比较有限。此外，增加进口导致竞争加剧有利于倒逼散户和小规模企业退出，以及国内龙头企业进一步提质增效降低成本打造核心竞争力，从而有利于市场份额长期向龙头企业集中，板块估值有望得到提升。综合来看，我们认为中美贸易谈判达成一致对农业板块的影响偏中性。2. 肉鸡板块：鸡价周期反转逻辑有望得到强化，继续推荐配置。引种少、存栏低和换羽弱化导致产量确定性收缩，这是鸡价周期反转的核心逻辑，唯一的不确定性变量来自于进口。由于巴西是中国最主要的鸡肉进口来源国，巴西鸡肉成为进口观察的核心要素。2017 年 8 月，中国政府启动对巴西出口中国鸡肉的双反调查，结果至今未出。在 4 月份中美贸易战升温之际，我们认为巴西双反调查结果可能会对鸡价反转不利。但目前来看，由于中美贸易谈判达成一致，对巴西双反调查结果可能会逆转，从而对鸡价反转有力，反转逻辑有望得到进一步强化。因此，当前农业板块投资我们继续首推肉鸡板块。相关个股虽然近期股价大幅上涨，但估值仍处于合理范围之内。建议沿着价格弹性主线，投资首选益生股份、其次是民和股份、圣农发展、仙坛发展、禾丰牧业。3. 生猪板块：猪价或加速筑底，个股估值接近底部，推荐布局。生猪行业周期下行确定。随着猪周期下行，行业产能出清速度将加快，这也将推动猪价见底。我们看到，3-4 月份，全国能繁母猪和生猪存栏量连续下跌。在中美贸易谈判达成一致的背景下，中美猪肉贸易的政策壁垒预期会削弱，中国增加从美国进口猪肉的预期以及猪价下行的预期会增强。受此影响，存栏量有望加速下降，猪价或加速筑底。生猪养殖龙头企业成长属性得到市场认可，目前股价下跌后估值接近底部，推荐长线投资者考虑布局，相关个股有牧原股份、温氏股份、大北农、天邦股份。,生猪：第 20 周，辽宁产区生猪出厂价为 10.09 元 / 公斤，环比涨 0.04 元 / 公斤；第 20 周，自繁自养头猪亏损 326.32 元 / 头。4 月末，全国生猪存栏量为 33636 万头，环比下降 0.80%，同比降 1.50%；能繁母猪存栏量为 3369 万头，环比降 1.40%，同比降 2.10%。鸡：第 20 周，山东烟台产区白羽肉鸡（二类厂）棚前价格 4.00 元 / 斤，周环比跌 0.03 元 / 斤；山东烟台产区白羽肉鸡苗 3.00 元 / 羽，环比跌 0.05 元 / 羽；第 20 周，肉鸡养殖单羽盈利 1.91 元。饲料：据博亚和讯统计，第 20 周，肉鸡料均价 2.84 元 / 公斤，环比持平；蛋鸡料价格 2.67 元 / 公斤，环比涨 0.02 元 / 公斤；育肥猪料价格 2.72 元 / 公斤，环比跌 0.03 元 / 公斤。水产品：第 20 周，山东威海大宗批发市场海参价格 110 元 / 公斤，环比持平；扇贝价格 8 元 / 公斤，环比持平；对虾价格 180 元 / 公斤，环比持平；鲍鱼价格 150 元 / 公斤，环比持平；第 19 周，全国农贸批发市场鲤鱼价格 12.37 元 / 公斤，环比涨 0.07 元 / 公斤；鲢鱼价格 9.86 元 / 公斤，环比涨 0.18 元 / 公斤；草鱼价格 15.14 元 / 公斤，环比涨 0.21 元 / 公斤；鲫鱼价格 15.61 元 / 公斤，环比跌 0.15 元 / 公斤。糖、棉、玉米和豆粕：第 20 周，南宁白糖现货价 5658 元 / 吨，环比涨 4 元 / 吨；中国 328 级棉花价格 15596 元 / 吨，环比涨 89 元 / 吨；全国玉米收购均价 1644 元 / 吨，环比涨 4 元 / 吨；全国豆粕现货均价 3064 元 / 吨，环比跌 108 元 / 吨。,突发疫病、畜禽、水产价格、玉米等原料价格变化不及预期
20180629,当前阶段，部分公司估值接近底部极限。我们认为，可以从两条主线去把握投资机会：1、估值处于底部，行业景气触底且业绩可实现持续增长的公司；2、禽养殖周期向上的板块投资机会。肉鸡板块：鸡苗需求旺季来临，继续推荐配置。本周，鸡苗价格调整，养殖补栏情绪偏弱，预计短期内毛鸡供需偏紧态势仍将维持。进入三季度，随着夏季烧烤季和 8、9 月份开学季的备货开启，终端对鸡肉分割品的需求将快速增加，将拉动鸡肉分割品涨价。进口方面，美国和巴西鸡肉进口分别因加征关税和征收反倾销保证金而受到抑制，预计下半年鸡肉进口量会大幅减少，这有助于推动鸡肉分割品涨价。鸡肉分割品涨价叠加存栏低位等因素有利于拉动毛鸡和鸡苗涨价。我们持续看好白羽肉鸡行业。个股方面，重点关注益生股份和圣农发展。生猪板块：猪价和估值双双筑底，龙头公司成长逻辑清晰，推荐布局。猪价近期震荡回落，我们判断未来 1 个季度仍处于筑底阶段。预计到 18 年底至 19 年 1 季度，猪价有望逐渐走出真正的底部。龙头公司 5 月份生猪出栏量继续高速增长，头猪成本长期趋势向下，散户退出背景下龙头公司成长逻辑清晰。随着市场悲观情绪的释放，龙头公司估值下行至底部极限区域，存在低估，股价有向上空间。建议长期投资者可在周期左侧适时进行布局，相关个股有牧原股份、温氏股份、大北农、天邦股份。种植及种子板块：景气和估值筑底，建议关注龙头公司。近期，大部分种植及种子公司的 PB 下行至历底部极限区域。我们认为，种子板块作为国家战略性核心产业，短期虽调整但长期整合趋势未改，当前估值具有长期吸引力，建议积极关注。中期来看，玉米制种业景气有望触底。一方面，玉米制种面积下降将带动制种量减少和库存压力缓解。据有关统计，18/19 年全国玉米制种面积约为 265 万亩，较上年减少约 10%，我们预计至期末全行业余量将由上年的 7.5 亿公斤下降至 5.5-6 亿公斤，这接近于近 10 年来的低位。另一方面，受中美贸易争端和临储玉米库存逐渐回归正常水平的影响，国内玉米供求关系趋紧，玉米价格有望上涨，并拉动玉米种子价格上涨。我们调高种植和玉米制种板块评级至看好，投资策略方面，建议布局品种优势明显的龙头登海种业、隆平高科和全行业链一体化运行，成本控制能力较强的优质种植公司苏垦农发。动物疫苗：市场苗需求增长无忧，建议关注。3 季度是防疫季节，行业目前正处于需求由淡季向旺季过渡阶段。猪价虽低迷，但规模场扩张速度不减，全年来看市场苗需求继续增长仍比较确定，增速预计 20% 左右。新品释放角度，生物股份猪 OA 苗临近获批上市值得关注，普莱柯圆环基因苗的快速放量和中牧股份口蹄疫市场苗的快速放量也值得关注。,生猪：第 26 周，辽宁产区生猪出厂价为 11.13 元 / 公斤，环比跌 0.21 元 / 公斤；第 26 周，自繁自养头猪亏损 129.44 元 / 头。5 月全国生猪存栏量为 32997 万头，环比降 1.90%，同比降 2.00%；能繁母猪存栏量为 3285 万头，环比降 2.50%，同比降 3.90%。鸡：第 26 周，山东烟台产区白羽肉鸡（二类厂）棚前价格 4.06 元 / 斤，周环比涨 0.12 元 / 斤；山东烟台产区白羽肉鸡苗 2.58 元 / 羽，环比跌 0.32 元 / 羽；第 26 周，肉鸡养殖单羽盈利 2.14 元。饲料：据博亚和讯统计，第 26 周，肉鸡料均价 2.77 元 / 公斤，环比持平；蛋鸡料价格 2.61 元 / 公斤，环比跌 0.02 元 / 公斤；育肥猪料价格 2.70 元 / 公斤，环比涨 0.01 元 / 公斤。水产品：第 26 周，山东威海大宗批发市场海参价格 120 元 / 公斤，环比持平；扇贝价格 8 元 / 公斤，环比持平；对虾价格 180 元 / 公斤，环比持平；鲍鱼价格 130 元 / 公斤，环比持平；第 25 周，全国农贸批发市场鲤鱼价格 12.91 元 / 公斤，环比跌 0.15 元 / 公斤；鲢鱼价格 9.81 元 / 公斤，环比涨 0.09 元 / 公斤；草鱼价格 15.04 元 / 公斤，环比跌 0.25 元 / 公斤；鲫鱼价格 15.75 元 / 公斤，环比跌 0.10 元 / 公斤。糖、棉、玉米和豆粕：第 26 周，南宁白糖现货价 5421 元 / 吨，环比跌 60 元 / 吨；中国 328 级棉花价格 16333 元 / 吨，环比跌 41 元 / 吨；全国玉米收购均价 1672 元 / 吨，环比涨 25 元 / 吨；全国豆粕现货均价 3030 元 / 吨，环比跌 33 元 / 吨。,突发疫病、畜禽、水产价格、玉米等原料价格变化不及预期
