report_id,市场回顾,投资建议,行业信息,风险提示
20180415,农业板块回调，动保和林业上涨。1、第 15 周，申万农业指数下跌 2.58%，上证综指上涨 0.89%，深证成指上涨 0.02%，农业板块表现明显落后于大市；2、除林业和动保上涨外，其他二级子行业下跌；3、前 10 大涨幅个股分布于动保、饲料板块，动保板块上涨个股较多；前 10 大跌幅个股分布于种植和种子板块。涨幅前 3 名个股分别是佩蒂股份、星普医科、金河生物。,周观点：4 月份以来，农业板块行情催化因素增多，且猪价止跌企稳，我们对后市行情判断如下：1、肉鸡板块：3 月份父母代鸡苗销量同比减少 14.6%，继续推荐配置。数据显示，1-3 月份，全国父母代鸡苗销量同比持续下降，主要原因我们判断为很多地区受禁止烧煤的影响祖代种鸡的产能利用率下降。父母代鸡苗销量是判断父母代种鸡存栏及鸡苗价格的先行指标。鸡苗育成至产蛋孵化需要 7 个月，因此我们判断 7 个月后即 3-4 季度鸡苗价格有望大幅上涨。我们暂时维持此前 2018 年商品代鸡苗全年均价 3 元 / 羽，父母代鸡苗均价 30 元 / 套的判断。目前肉鸡养殖个股股价对应 2018 年业绩的估值处于低位，继续推荐配置。重点个股有益生股份、圣农发展、民和股份和仙坛股份。2、生猪板块：猪价底部有望在年内出现，市场不必过度悲观。猪价见底的逻辑是行业持续亏损导致部分企业资金链断裂，被迫出清产能后供需达到新的平衡。在上一轮猪价下行周期里，猪价于 2014 年 6 月底见，在此时点前后行业持续亏损了 6 个月，亏损时间自 2014 年 1 月始至 2014 年 7 月止。我们认为 6 个月是检验中小规模养殖户资金实力能否扛过亏损的时间标志，本轮也不例外。本轮猪价下跌导致行业亏损是从 2 月份开始且亏损幅度明显大于上一轮，我们判断到 8 月份见底的可能性较大，标志是大量中小养殖户退出，对此我们将保持密切跟踪。我们看好龙头公司的长期成本优势和规模扩张空间，推荐配置大北农、牧原股份、温氏股份、天邦股份。3、水产养殖：景气高位，推荐配置国联水产和好当家。年初以来，对虾、鲢鱼价格持续上涨，海参虽季节性下跌但同比涨幅较大。整体而言，水产品价格中枢上移比较明显。我们认为，供需格局趋紧是价格中枢上移的根本原因。一方面，消费升级拉动需求增长，水产品最受益；另一方面，环保趋严以及不利天气等多因素导致产量下滑。我们看好水产品价格中枢上移的可持续性，推荐配置国联水产和好当家。相对于畜禽养殖，水产养殖成本端所承受的压力也较小，这主要是由于饲料在其成本中占比较低所致。海参养殖，饲料在成本中占比不到 5%；对虾养殖，饲料在成本中占比约 40%。4、动物保健：继续推荐龙头公司，标的有生物股份、中牧股份和普莱柯。数据复盘来看，规模场动保费用增长基本不受猪价下跌的影响，龙头公司业绩持续增长无忧，继续推荐受益标的生物股份、中牧股份和普莱柯。,生猪：第 15 周，辽宁产区生猪出厂价为 10.10 元 / 公斤，环比跌 0.23 元 / 公斤；第 14 周，自繁自养头猪平均亏损 249.64 元 / 头。2 月末，全国生猪存栏量为 33237 万头，环比降 1.50%，同比降 4.70%；能繁母猪存栏量为 3397 万头，环比降 0.50%，同比降 5.00%。鸡：第 14 周，山东烟台产区白羽肉鸡（二类厂）棚前价格 3.74 元 / 斤，周环比涨 0.13 元 / 斤；山东烟台产区白羽肉鸡苗 3.52 元 / 羽，环比跌 0.18 元 / 羽；肉鸡养殖单羽平均亏损 1 元。饲料：据博亚和讯统计，第 14 周，肉鸡料均价 2.87 元 / 公斤，环比涨 0.01 元 / 公斤；蛋鸡料价格 2.61 元 / 公斤，环比涨 0.01 元 / 公斤；育肥猪料价格 2.76 元 / 公斤，环比涨 0.02 元 / 公斤。水产品：第 15 周，山东威海大宗批发市场海参价格 104 元 / 公斤，环比跌 2 元 / 公斤；扇贝价格 8 元 / 公斤，环比持平；对虾价格 180 元 / 公斤，环比持平；鲍鱼价格 150 元 / 公斤，环比涨 10 元 / 公斤；第 14 周，全国农贸批发市场鲤鱼价格 12.37 元 / 公斤，环比跌 0.03 元 / 公斤；鲢鱼价格 10.26 元 / 公斤，环比涨 0.02 元 / 公斤；草鱼价格 15.17 元 / 公斤，环比涨 0.07 元 / 公斤；鲫鱼价格 15.85 元 / 公斤，环比跌 0.19 元 / 公斤。糖、棉、玉米和豆粕：第 15 周，南宁白糖现货价 5850 元 / 吨，环比跌 31 元 / 吨；中国 328 级棉花价格 15500 元 / 吨，环比跌 28 元 / 吨；全国玉米收购均价 1711 元 / 吨，环比跌 26 元 / 吨；全国豆粕现货均价 3395 元 / 吨，环比涨 118 元 / 吨。,突发疫病、畜禽、水产价格、玉米等原料价格变化不及预期
20170409,农业指数上涨，农产品加工、畜禽养殖、渔业及饲料领涨。1、本周，农业板块指数上涨 1.61%，表现落后于大市；2、二级子行业中，农产品加工、畜禽养殖、渔业及饲料板块领涨，是农业指数上涨的主要动力，种植业、动物保健及林业也分别录得一定涨幅；3、前 10 大涨幅个股集中于农产品加工、饲料、水产板块，饲料行业投资机会比较明显，前 10 大跌幅个股集中于新疆板块，一带一路主题投资退潮明显。涨幅前 3 名个股分别是雏鹰农牧、安琪酵母、西王食品，雄安概念值得关注。,年报和一季报披露密集期将至，建议重视业绩增长稳健的绩优白马股。此外，糖业政策面积极信号有望启动糖价的夏季牛市行情，短期可关注制糖个股的投资机会。1、建议重视业绩增长稳健的绩优白马股：（1）饲料板块重点推荐个股有全新农和海大集团。全新农业绩增长的确定性较高，主要得益于饲料、养殖业务放量。海大集团 1 季度饲料销量增速乐观，鱼价步入上涨通道有利于 2017 年水产料增速超预期。（2）种植业继续推荐龙头企业大北农：公司近两年业绩稳定增长；未来看点在于工业、贸易业务继续止血对业绩的影响将进一步弱化；新材料公司碳基复合肥产品市场前景广阔，有望成为新的利润增长点。（3）种业板块推荐登海种业。公司一季度业绩下滑，主要原因在于销售延迟。二季度销售放量，业绩有望环比同比增长。公司多个种子产品处于成长期或成熟期，中期业绩增长有保障。股价大幅下跌后估值处于历史低位。2、短期关注制糖业个股投资机会。中糖协理事会上周在广西圆满召开，一方面是部署加大打击走私力度，另一方面也表达了支持国家对进口食糖采取贸易保障措施的态度。政策面的积极信号有利于恢复市场的做多信心，有望启动夏季的牛市行情。糖价中期有望向 6800 元甚至 7000 元左右靠拢，当前价格 6680 元 / 吨，有 5% 左右的上涨空间。糖价上涨，有望带来糖业个股阶段性的投资机会，建议关注南宁糖业、中粮屯河。,生猪：本周，辽宁产区生猪出场价格 15.06 / 公斤，较上周下跌 0.13 元 / 公斤。上周，自繁自养头猪盈利 423.85 元，盈利上升。鸡：本周，山东烟台产区白羽肉鸡（二类厂）棚前价格 3.52 / 斤，较上周下跌 0.05 元；山东烟台产区白羽肉鸡苗出厂价单羽 1.37 元 / 羽，较上周下跌 0.6 元；白羽肉鸡养殖单羽盈利 1.67 元（上周），连续两周实现盈利且盈利幅度环比上升；肉鸡苗孵化环节单羽利润 0.49 元（上周），较上周减少 0.2 元。饲料：据博亚和讯统计，肉鸡饲料价格（上周）2.73 元 / 公斤，环比下跌 0.03 元；蛋鸡饲料价格（上周）2.50 元 / 公斤，环比持平；育肥猪配合饲料价格（上周）2.61 元 / 公斤，环比上涨 0.01 元。海产品：本周，山东威海市场海参大宗批发价格是 100 元 / 公斤，较上周持平；扇贝大宗批发价格 8 元 / 公斤，较上周持平；对虾大宗批发价格 150 元 / 公斤，较上周持平；鲍鱼大宗批发价格 140 元 / 公斤，较上周持平。糖、棉、玉米和豆粕：本周，南宁白糖现货价 6680 元 / 吨，环比上涨 20 元 / 吨；中国 328 级棉花价格 15849 元 / 吨，环比下跌 19 元 / 吨；全国玉米收购均价 1479 元 / 吨，环比上涨 16 元 / 吨；全国豆粕现货均价 3009 元 / 吨，环比下跌 51 元 / 吨。,突发疫病、畜禽、水产价格、玉米等原料价格变化不及预期
20170522,农业板块表现好于大市，农业综合领涨。1、本周，农业指数上涨 1.02%，上证综指上涨 0.23%，深证成指上涨 1.87%，农业板块跑赢大市 0.79 个百分点；2、分子行业来看，农业综合（+8.49%）、林业（+6.2%）、渔业（+2.43%）涨幅领先，畜禽养殖（-0.39%）、农产品加工（+0.17%）表现较差，饲料（+1.86%）、动物保健（+1.8%）、种植业（+1.29%）表现好于大市。3、前 10 大涨幅个股集中于饲料板块，跟随大市调整之后饲料板块的投资机会开始显现。前 10 大跌幅个股集中于新股和农产品加工板块，新股调整的趋势比较明显。涨幅前 3 名个股分别是大禹节水、金新农、平潭发展，超跌饲料个股值得关注。,水产品价格持续上涨，建议继续重点关注水产饲料板块，推荐个股是海大集团、天马科技。1、水产品价格有望持续上涨。近期，绝大多数海水鱼和淡水鱼价格持续上涨。年初至 5 月中旬日，黄花鱼、草鱼、鲢鱼、鲫鱼价格区间涨幅分别是 11.13%、17.45%、12.18%、10.7%。截至 5 月 12 日的最新一周，草鱼批发价格创出 2005 年以来的新高，鲫鱼价格接近历史最高点。水产品价格持续上涨主要受供给减少的影响。由于 13-16 年连续 3 年水产品价格持续低迷，养殖户投苗积极性下降，最终导致存塘量减少。再叠加 2016 年水灾的影响，进一步加剧了华中、华南、华东地区存栏量减少的紧张局势。存塘量减少导致供给不足，促成价格上涨。展望后市，供给紧张的格局短期内难以缓和，且 2017 年伏季休渔制度无论是从禁捕时间还是禁捕范围来看都要严于往年，认为严格的休渔制度会加剧水产品供给紧张局势，推动水产品价格持续上涨。2、重点关注水产饲料板块，推荐海大集团和天马科技。水产饲料板块将受益于水产品价格的持续上涨。水产养殖户将加大投苗量和单位面积的投食率，两方面推动水产饲料增量。主要标的是海大集团和天马科技。海大集团 1 季度饲料销量增速过两成，认为全年水产料增速至少是 20%+，叠加猪料、禽料的增长，总的饲料销量增速有望超过两成；天马科技产能扩张步伐较快，募投项目二期已经于 2 月份竣工投产，目前单日产销量超预期。初步测算，认为 2017 年产能增速有望超 4 成，产销量增长有望达 6 成。,生猪：本周，辽宁产区生猪出场价格 13.74 / 公斤，较上周下跌 0.22 元 / 公斤。上周，自繁自养头猪盈利 270.69 元，较前一周减少 46.32 元。鸡：本周，山东烟台产区白羽肉鸡（二类厂）棚前价格 3 元 / 斤，较上周下跌 0.01 元 / 斤；山东烟台产区白羽肉鸡苗出厂价单羽 0.69 元 / 羽，较上周持平；白羽肉鸡养殖单羽亏损 2 元（上周），亏损幅度环比扩大；肉鸡苗孵化环节单羽亏损 0.43 元（上周），亏损持续了 6 周。农业部全国 400 个监测县生猪存栏检测信息显示，4 月末，生猪存栏同比下降 1.4%，环比增加 0.4%，能繁母猪存栏量同比下降 2.1%，环比持平。饲料：据博亚和讯统计，肉鸡饲料价格（上周）2.72 元 / 公斤，环比持平；蛋鸡饲料价格（上周）2.46 元 / 公斤，环比下跌 0.01 元；育肥猪配合饲料价格（上周）2.63 元 / 公斤，环比下跌 0.01 元。水产品：本周，山东威海市场海参大宗批发价格是 106 元 / 公斤，环比上涨 3 元；扇贝大宗批发价格 8 元 / 公斤，环比持平；对虾大宗批发价格 150 元 / 公斤，环比持平；鲍鱼大宗批发价格 166 元 / 公斤，环比持平；上周，全国鲤鱼批发价格是 12.1 元 / 公斤，较前一周上涨了 0.19 元 / 公斤；鲢鱼批发价格是 9.3 元 / 公斤，较前一周上涨了 0.01 元 / 公斤；草鱼批发价格是 15.68 元 / 公斤，较前一周上涨了 0.22 元 / 公斤；鲫鱼批发价格是 18.08 元 / 公斤，较前一周微跌了 0.02 元 / 公斤。糖、棉、玉米和豆粕：本周，南宁白糖现货价 6770 元 / 吨，环比上涨 16 元 / 吨；中国 328 级棉花价格 16032 元 / 吨，环比上涨 31 元 / 吨；全国玉米收购均价 1470 元 / 吨，环比下跌 1 元 / 吨；全国豆粕现货均价 2959 元 / 吨，环比下跌 49 元 / 吨。,突发疫病、畜禽、水产价格、玉米等原料价格变化不及预期
