report_id,投资建议,行业观点,行情回顾,行业跟踪,风险提示
20240714-东吴证券-东吴证券有色金属行业跟踪周报：鲍威尔释放降息信号，黄金价格突破2400美元整数关口.pdf,,,回顾本周行情（（7 月 8 日-7 月 12 日），有色板块本周上涨 1.01%，在全部一级行 业中涨幅靠中前。二级行业方面，周内申万有色金属类二级行业中能源金属板块上 涨 4.95%，金属新材料板块上涨 1.66%，贵金属板块上涨 1.28%，工业金属板块上 涨 0.41%，小金属板块下跌 0.52%。工业金属方面，中美 CPI 双双不及预期，出于 对下半年需求的担忧，本周工业金属价格普遍下跌，预计短期工业金属价格受到美 国降息预期的反复扰动以及国内传统需求淡季来临的影响维持窄幅震荡。贵金属方 面，鲍威尔于国会山释放鸽派信号，交易员目前押注美联储 9 月降息的可能性约为 75%，本周美国十年期国债收益率下降 2.01%，黄金价格受此提振突破 2400 美金 整数关口，预计长期黄金后续有望进一步走出震荡向上走势。,"铜：市场对下半年需求产生担忧，铜价本周维持窄幅震荡，小幅下跌。截至 7 月 12 日， 伦铜报收 9,877 美元/吨，周环比下跌 0.93%；沪铜报收 78,950 元/吨，周环比下跌 1.77%。 供给端，截至 7 月 12 日，本周进口铜矿 TC 均价为 1 美元/吨，铜精矿现货市场活跃度 保持稳定，供给端并无明显变化；智利 Collahuasi 铜矿表示，5 月份铜产量同比增长 6.9%，至 46200 吨；需求方面，市场淡季效应明显，叠加市场需求不振，下游订单有 限，原料采购仅维持刚需。本周基本面维持供需双弱格局，并无明显改善，宏观方面， 鲍威尔在国会山的报告中释放鸽派信号，9 月降息概率大增，宏观氛围略有好转，但受 到中美 CPI 双双低于预期的影响，市场对下半年需求产生担忧，本周铜价维持弱势震 荡下跌，预计短期铜价难以出现趋势性方向。 铝：供给端仍小幅增长，需求淡季背景下铝价略有下跌。截至 7 月 12 日，本周 LME 铝报收 2,490 美元/吨，较上周下跌 1.97%；沪铝报收 20,010 元/吨，较上周下跌 1.43%。 供应端，云南地区继续少量复产，仅剩余 2 万吨产能等待复产，本周电解铝行业开工 产能 4340.60 万吨，较上周增加 3 万吨，预计电解铝供应端将趋向短期稳定；需求端， 本周铝板企业开工率环比减少 0.03%，铝棒企业开工率环比减少 0.67%，电解铝的理论 需求有所回落。本周电解铝供给依旧上升，而需求端则小幅下降，而随着国内低于预 期的 CPI 数据出炉，以及国内 6 月乘用车市场零售 176.7 万辆，同比下降 6.7%，市场 对下半年需求担忧进一步上升，电解铝价格小幅回落，长期需进一步观察经济的复苏 状况以及潜在的拉尼娜气候对云南水电的影响。 黄金：非农与 CPI 数据显示美国通胀放缓，鲍威尔释放鸽派信号，黄金价格突破 2400 美元整数关口。截至 7 月 12 日，COMEX 黄金收盘价为 2416.00 美元/盎司，周环比上 涨 0.68%；SHFE 黄金收盘价为 568.54 元/克，周环比上涨 1.59%。美国 6 月 CPI 年率 未季调录得 3%，低于预期的 3.1%；美国 6 月核心 CPI 年率未季调录得 3.3%，低于预 期的 3.4%；美国 6 月 PPI 年率录得 2.6%，高于预期的 2.3%；美国 6 月核心 PPI 年率 录得 3%，高于预期的 2.5%。上周公布美国 6 月的非农就业人数增加了 20.6 万人，但 大幅下修了前两月的就业人数，失业率也上升至 4.1%，本周公布的不及预期 CPI 也印 证了通胀正在放缓。本周三、周四，美联储主席鲍威尔在美国国会众议院作证时表示， 目前美国劳动力市场已经有明显降温，由于通胀数据的滞后性，美联储不必等到通胀 下降至 2%后才降息。根据芝商所的利率观察工具，交易员目前押注美联储 9 月降息的 可能性约为 75%，本周美国十年期国债收益率下降 2.01%，黄金价格受此提振突破 2400 美金整数关口，预计长期黄金后续有望进一步走出震荡向上走势。",美元持续走强；下游需求不及预期。
20250720-东吴证券-东吴证券有色金属行业跟踪周报：美国通胀率走高压制估值，国内弱现实强预期背景下，工业金属价格震荡偏弱.pdf,,,回顾本周行情（7 月 14 日-7 月 18 日），有色板块本周上涨 1.82%，在全部一级行 业中排名中上。二级行业方面，周内申万有色金属类二级行业中小金属板块上涨 4.45%，能源金属板块上涨 3.31%，贵金属板块上涨 1.61%，工业金属板块上涨 1.00%，金属新材料板块上涨 0.19%。工业金属方面，本周美国通胀率如期上行， 美元指数连续第二周上行，录得环增 0.63%，工业金属受此压制表现偏弱；中国“反 内卷”情绪升温，弱现实与强预期交织，工业金属价格于下半周企稳。贵金属方面， 我们的模型显示进入 2025 年以来黄金与美元的相关性大幅上升，美元的强势对黄 金的压制有显著效果，预计黄金将在短期维持窄幅震荡，留意贸易政策的不确定性 变化。,"铜：伦铜库存连续三周录得较大级别回升，关注国内“反内卷”背景下铜冶炼端的减 产动作。截至 7 月 18 日，伦铜报收 9,795 美元/吨，周环比上涨 1.36%；沪铜报收 78,410 元/吨，周环比下跌 0.03%。供给端，截至 7 月 18 日，本周进口铜矿 TC 小幅上调至45.5 美元/吨，秘鲁抗议封锁解除，持续两周的铜运输通道恢复；需求方面，7 月淡季 效应下，下游需求不佳。宏观层面，美国将于 8 月 1 日对铜征收 50%的关税情景维持， 232 调查迅速落地的预期下全球铜贸易转向已经开始，本周伦铜库存环增 12.37%，为 连续三周录得较大比例回升，我们预计在基准情形下铜价短期仍面临回调压力，短期 需关注国内“反内卷”背景下铜冶炼端是否会出现减产动作。 铝：“弱现实与强预期”逻辑框架延续，铝价短期内震荡走势概率较大。截至 7 月 18 日，本周 LME 铝报收 2,638 美元/吨，较上周上涨 1.38%；沪铝报收 20,510 元/吨，较 上周下跌 0.89%。供应端，贵州地区继续释放复产产能，青海与云南地区产能置换延 续，中国电解铝行业理论开工产能达到 4396.50 万吨，较上周增加 0.5 万吨；需求端， 本周铝板带箔企业产能利用率环比下降 0.05pct，铝棒产能利用率环比上升 0.08pct，本 周电解铝的理论需求无明显变化。本周社会库存环增 3.84%至 49.27 万吨，“弱现实” 逻辑持续演绎，然而本周“反内卷”情绪进一步升温，叠加工信部表示钢铁、有色金 属、石化、建材等十大重点行业稳增长工作方案即将出台，将推动重点行业着力调结 构、优供给、淘汰落后产能，在“强预期”的推动下铝价于下半周企稳。我们预计短期 内“弱现实与强预期”的市场逻辑框架将延续，铝价维持震荡走势概率较大，关注需求 下行以及政策落地情况。 黄金：降息预期下行叠加美元反弹上行压制黄金上涨动能。截至 7 月 18 日，COMEX 黄金收盘价为 3355.50 美元/盎司，周环比下跌 0.44%；SHFE 黄金收盘价为 777.02 元/ 克，周环比上涨 0.45%。美国 6 月 CPI 年率录得 2.7%，符合预期，核心 CPI 录得 2.9%， 低于预期的 3%。通胀温和上涨的背后商品价格和服务价格有所分化，其中以家电家 具、服装以及玩具为代表的商品价格受关税影响上涨较为显著；此外美国 6 月零售销 售月率录得环比增长 0.6%，大超预期的 0.1%，逆转了 5 月 0.9%的跌幅，降息预期的 下行以及特朗普试图解雇鲍威尔并在最后时刻“TACO”的行为使得黄金于本周维持震 荡走势。从联储的角度，眼下尚无法预测关税对通胀及经济的冲击是否具备持续性， 我们保持对 H2 美国降息 1 次的预期，本周美元指数连续第二周上行，录得环增 0.63%， 我们的模型显示进入 2025 年以来黄金与美元的相关性大幅上升，美元的强势对黄金的 压制有显著效果，预计黄金将在短期维持窄幅震荡，留意贸易政策的不确定性变化。",美元持续走强；下游需求不及预期
