report_id,投资建议,行业观点,行业跟踪,风险提示
20210228-东吴证券-东吴证券有色金属行业跟踪周报：继续看好稀土、工业金属、新能源金属.pdf,坚定看好顺周期有色金属板块。疫苗进展顺利拉升全球经济复 苏预期，流动性充裕和新能源基本面强劲助推有色金属板块景气度高增。 1）持续看好强周期的工业金属铜、铝。建议关注：紫金矿业、云南铜业、 江西铜业、云铝股份、天山铝业、南山铝业和索通发展。2）回调不改看好 新能源上游材料锂、钴、铜箔、稀土，建议关注盛和资源、天齐锂业、华 友钴业、诺德股份、超华科技。,,基本金属：本周铜价连续上涨，短期市场波动加剧；本周铝价继续拉涨， 市场畏高情绪浓厚；本周铅价高位震荡，下游接货偏谨慎；本周锌价短 期大幅上涨，基本面将回暖转好，预计锌价锌价将偏强运行；本周沪锡 的继续大幅拉涨，加重了锡消费商的观望情绪，成交冷清，下半周锡价 回落。  贵金属：本周黄金价格震荡运行。本周初，由于美国上周初请失业金数 据意外增加，美元指数延续隔夜的下跌势头，黄金得以喘息。但长期来 看黄金仍然具备上升空间。  稀土：本周稀土价格大幅全面上涨。镨钕市场整体现货难寻，分离企业 现货库存紧缺，出货报价谨慎，惜售观望明显，金属厂寻货积极，金属 镨钕出货成交较好，磁材企业采购增加，金属企业对氧化物需求较强， 支撑镨钕市场整体走势上行。  小金属新材料：本周镁锭市场盘整向好；锰矿市场表现一般，下游采购 还未集中展开；电解锰市场市场交投氛围较为安静，缺乏活跃度，多处 于观望状态；钒市涨势较猛。  锂钴：本周碳酸锂价格持稳；本周氢氧化锂价格持稳；本周电解钴现货 价格上涨；四氧化三钴报价大幅上调，供不应求，询单增加。,经济增长不及预期；美国流动性转向。
20230402-东吴证券-东吴证券有色金属行业跟踪周报：基本金属去库持续，关注电解铝企业盈利扩张.pdf,,行业观点：基本金属去库延续，关注电解铝企业盈利扩张。美国 2 月核心 PCE 略低于预期，欧元区 3 月 CPI 为 22 年 2 月以来最小升幅。1）基 本金属：旺季延续，本周铜、铝去库幅度分别为 4%、3％；铜、铝价运行 状态仍需关注供应端释放情况。由于动力煤、预焙阳极价格偏弱运行，本 周电解铝企业吨盈利小幅扩张 600 元。2）贵金属：美国银行风险事件得到 部分解决，避险情绪有所消退，贵金属价格小幅回调；但美国加息尾声渐 进，我们仍然看好贵金属上行趋势。3）小金属方面，由于钢招较为平淡， 钼、五氧化二钒价格均持续下探；后续钢招回暖有望拉升钼和五氧化二钒 价格。锑价或受极地黄金拍卖库存影响延续，价格小幅回调；看好光伏需 求充分释放后锑价中枢上移。4）稀土：2023 年第一批指标发布，轻稀土 相对宽松，而重稀土指标有所下滑；看好后续稀土价格探底回升。继续首 推贵金属板块的浩通科技；建议关注山东黄金、紫金矿业。关注具备高成 长性的铜标的和高弹性的铝标的：洛阳钼业、金诚信、西部矿业、云铝股 份和神火股份。稀土板块建议关注三川智慧，广晟有色和中国稀土。,稀土磁材：本周稀土价格震荡调整，轻稀土价格弱势调整，中重稀土价 格上涨，预计短期内稀土价格稳中小幅震荡。 ◼ 锂：金属锂价格回落，下游需求疲软，铁锂厂观望情绪较浓唯恐高位采 购锂盐与前驱体。 ◼ 钴：国际市场表现平稳，国内钴矿市场行情偏稳运行。 ◼ 铝：本周国产铝矾土市场价格重心暂无明显调整，较上周市场报价基本 持平。 ◼ 铜：铜价高位抑制消费，季度末期下游需求表现不佳，铜板带下游需求 乐观，市场供需缓慢增长。 ◼ 贵金属：本周金银价格震荡运行，重心较上周上移。 ◼ 其他金属：本周央行降准全面落地，加大经济刺激力度，预计将给整体 有色带来更多利多驱动。,房地产下滑；制造业回暖不及预期。
