report_id,二级市场概况,ETF 产品概况,ETF 融资融券情况,ETF 新发及上市情况
2025-08-04_麦高证券_ETF周报.pdf,,统计 A 股、海外主要宽基指数、黄金指数和南华商 品指数的走势，样本期内中证 2000、中证 1000 和创业板指本周收益排名靠 前，分别为-0.01%、-0.54%和-0.74%。计算所有申万一级行业在样本期内的 收益情况，其中医药生物、通信和传媒的收益排名靠前，分别为 2.95%、 2.54%和 1.13%，煤炭、有色金属和房地产的收益排名较为靠后，分别为4.67%、-4.62%和-3.43%。,在样本期内，所有股票型 ETF 的融资净买入为4.01 亿元，融券净卖出为 3.00 亿元。统计所有股票型 ETF 中融资净买入排 名前 10 和融券净卖出排名前 10 的 ETF 基金。样本期内，易方达中证香港 证券投资主题 ETF 的融资净买入最多，南方中证 1000ETF 的融券净卖出最 多。,在样本期内一共有 8 只基金成立，10 只基金上 市。
2025-12-22_麦高证券_ETF周报.pdf,,统计 A 股、海外主要宽基指数、黄金指数和南华商 品指数的走势，样本期内 SGE 黄金 9999、中证 2000 和标普 500 本周收益排 名靠前，分别为 1.24%、0.30%和 0.10%。计算所有申万一级行业在样本期内 的收益情况，其中商贸零售、非银金融和美容护理的收益排名靠前，分别为 6.66%、2.90%和 2.87%，电子、电力设备和机械设备的收益排名较为靠后， 分别为-3.28%、-3.12%和-1.56%。,在样本期内，所有股票型 ETF 的融资净买入为 20.23 亿元，融券净卖出为-7.24 亿元。统计所有股票型 ETF 中融资净买入 排名前 10 和融券净卖出排名前 10 的 ETF 基金。样本期内，易方达创业板 ETF 的融资净买入最多，广发中证 1000ETF 的融券净卖出最多。,在样本期内一共有 7 只基金成立，5 只基金上 市。
2024-12-09_麦高证券_ETF周报.pdf,根据 ETF 基金的所标的产品类型及持仓将基金分股 票、QDII、商品、债券和货币类 ETF，并根据基金所跟踪指数将股票型 ETF 分为行业主题型、宽基型和风格型 ETF。样本期内风格 ETF 的平均表现最 优，加权平均收益为 2.94%；商品 ETF 的平均表现最差，加权平均收益为0.54%。根据 ETF 所跟踪指数及其成分股上市板块将部分 ETF 进行归类，其 中所有成分股都为港股、美股和日股的 ETF 才会被归为对应类别。样本期 内，中证 2000 和港股对应的 ETF 市场表现较好，加权平均收益分别为 3.46% 和 2.94%；科创板相关和沪深 300ETF 的市场表现较差，加权平均收益分别 为 0.71%和 1.43%。,样本期内中证 2000、中证 1000 和日经 225 本周收益 排名靠前，分别为 4.03%、2.59%和 2.31%。SGE 黄金 9999 和南华商品指数 的收益分别为-0.04%和-0.83%。钢铁、煤炭和机械设备的收益排名靠前，分 别为 5.61%、5.39%和 5.31%，食品饮料、电力设备和农林牧渔的收益排名较 为靠后，分别为 0.19%、0.29%和 0.67%。,,在样本期内一共有 1 只基金成立，为华宝创业 板人工智能 ETF（159363.OF） ；7 只基金上市，为华宝中证 800 红利低波 动 ETF（159355.OF），万家中证 A500ETF（159356.OF），华安中证 A500ETF （159359.OF），工银中证 A500ETF（159362.OF），鹏华中证 A500ETF （512020.OF），东财上证 50ETF（530050.OF），华宝中证 A500ETF （563500.OF）。
