report_id,二级市场概况,ETF 产品概况,ETF 资金流情况,ETF 融资融券情况,ETF 新发及上市情况
2025-08-25_麦高证券_ETF周报.pdf,统计 A 股、海外主要宽基指数、黄金指数和南华商 品指数的走势，样本期内科创 50、创业板指和沪深 300 本周收益排名靠前， 分别为 13.31%、5.85%和 4.18%。计算所有申万一级行业在样本期内的收益 情况，其中通信、电子和综合的收益排名靠前，分别为 10.84%、8.95%和 8.25%，房地产、煤炭和医药生物的收益排名较为靠后，分别为 0.50%、0.92% 和 1.05%。,,从不同类别 ETF 角度来看，行业主题 ETF 的资金净 流入最多，为 254.09 亿元；宽基 ETF 的资金净流入最少，为-161.16 亿元。 从 ETF 跟踪指数及其成分股上市板块角度来看，港股 ETF 的资金净流入最 多，为 214.47 亿元；科创板相关 ETF 的资金净流入最少，为-144.18 亿元。 从行业板块角度来看，金融地产板块 ETF 的资金净流入最多，为 141.32 亿 元；科技板块 ETF 的资金净流入最少，为-53.84 亿元。从主题角度里看， 非银和创新药 ETF 的资金净流入最多，分别为 142.21 亿元和 31.74 亿元； 芯片半导体和军工 ETF 的资金净流入最少，分别为-78.85 亿元和-5.73 亿 元。,在样本期内，所有股票型 ETF 的融资净买入为2.48 亿元，融券净卖出为 2.32 亿元。统计所有股票型 ETF 中融资净买入排 名前 10 和融券净卖出排名前 10 的 ETF 基金。样本期内，南方中证 500ETF 的融资净买入最多，南方中证 1000ETF 的融券净卖出最多。,在样本期内一共有 9 只基金成立，8 只基金上 市。
2025-11-17_麦高证券_ETF周报.pdf,统计 A 股、海外主要宽基指数、黄金指数和南华商 品指数的走势，样本期内 SGE 黄金 9999、恒生指数和中证 2000 本周收益排 名靠前，分别为 3.39%、1.26%和 0.89%。计算所有申万一级行业在样本期内 的收益情况，其中综合、纺织服饰和商贸零售的收益排名靠前，分别为 6.99%、4.41%和 4.06%，通信、电子和计算机的收益排名较为靠后，分别为 -4.77%、-4.77%和-3.03%。,,从不同类别 ETF 角度来看，行业主题 ETF 的资金净 流入最多，为 145.88 亿元；宽基 ETF 的资金净流入最少，为-24.17 亿元。 从 ETF 跟踪指数及其成分股上市板块角度来看，港股 ETF 的资金净流入最 多，为 87.94 亿元；沪深 300ETF 的资金净流入最少，为-17.44 亿元。从行 业板块角度来看，科技板块 ETF 的资金净流入最多，为 80.16 亿元；周期 板块 ETF 的资金净流入最少，为-1.44 亿元。从主题角度里看，人工智能和 非银 ETF 的资金净流入最多，分别为 46.07 亿元和 27.25 亿元；银行和低 碳环保 ETF 的资金净流入最少，分别为-4.51 亿元和-1.58 亿元。,在样本期内，所有股票型 ETF 的融资净买入为 6.13 亿元，融券净卖出为-0.97 亿元。统计所有股票型 ETF 中融资净买入 排名前 10 和融券净卖出排名前 10 的 ETF 基金。样本期内，华夏上证科创 板 50ETF 的融资净买入最多，景顺长城中证红利低波动 100ETF 的融券净卖 出最多。,在样本期内一共有 5 只基金成立，11 只基金上 市。
2025-04-14_麦高证券_ETF周报.pdf,统计 A 股、海外主要宽基指数、黄金指数和南华商 品指数的走势，样本期内标普 500、SGE 黄金 9999 和日经 225 本周收益排 名靠前，分别为 5.70%、2.17%和-0.58%。计算所有申万一级行业在样本期 内的收益情况，其中农林牧渔、商贸零售和国防军工的收益排名靠前，分别 为 3.28%、2.88%和 0.28%，电力设备、通信和机械设备的收益排名较为靠 后，分别为-8.09%、-7.67%和-6.78%。,,从不同类别 ETF 角度来看，宽基 ETF 的资金净流入 最多，为 1746.18 亿元；风格 ETF 的资金净流入最少，为 43.12 亿元。从 ETF 跟踪指数及其成分股上市板块角度来看，沪深 300ETF 的资金净流入最 多，为 1058.44 亿元；MSCI 中国 A 股概念 ETF 的资金净流入最少，为-0.51 亿元。从行业板块角度来看，传统制造板块 ETF 的资金净流入最多，为 36.70 亿元；金融地产板块 ETF 的资金净流入最少，为-19.83 亿元。从主题角度 里看，红利和军工 ETF 的资金净流入最多，分别为 35.78 亿元和 22.24 亿 元；芯片半导体和非银 ETF 的资金净流入最少，分别为-22.28 亿元和-14.60 亿元。,在样本期内，所有股票型 ETF 的融资净买入为 12.65 亿元，融券净卖出为 1.78 亿元。统计所有股票型 ETF 中融资净买入 排名前 10 和融券净卖出排名前 10 的 ETF 基金。样本期内，华泰柏瑞沪深 300ETF 的融资净买入最多，南方中证 500ETF 的融券净卖出最多。,在样本期内一共有 4 只基金成立，11 只基金上 市。
