report_id,二级市场概况,ETF 产品概况,ETF 融资融券情况,ETF 新发及上市情况
2025-03-31_麦高证券_ETF周报.pdf,统计 A 股、海外主要宽基指数、黄金指数和南华商 品指数的走势，样本期内 SGE 黄金 9999、南华商品指数和沪深 300 本周收 益排名靠前，分别为 2.01%、1.24%和 0.01%。计算所有申万一级行业在样本 期内的收益情况，其中医药生物、农林牧渔和食品饮料的收益排名靠前，分 别为 0.98%、0.56%和 0.40%，计算机、国防军工和通信的收益排名较为靠 后，分别为-4.89%、-3.98%和-3.87%。,,在样本期内，所有股票型 ETF 的融资净买入为 0.53 亿元，融券净卖出为-0.21 亿元。统计所有股票型 ETF 中融资净买入 排名前 10 和融券净卖出排名前 10 的 ETF 基金。样本期内，富国中证港股 通互联网 ETF 的融资净买入最多，南方中证 500ETF 的融券净卖出最多。,在样本期内一共有 13 只基金成立，6 只基金上 市。
2024-12-02_麦高证券_ETF周报.pdf,样本期内中证 2000、科创 50 和中证 1000 本周收益 排名靠前，分别为 4.22%、3.92%和 2.63%。SGE 黄金 9999 和南华商品指数 的收益分别为-1.17%和 0.49%。纺织服饰、商贸零售和轻工制造的收益排名 靠前，分别为 7.65%、7.28%和 5.35%，有色金属、公用事业和煤炭的收益排 名较为靠后，分别为-0.61%、-0.10%和-0.02%。,根据 ETF 基金的所标的产品类型及持仓将基金分股 票、QDII、商品、债券和货币类 ETF，并根据基金所跟踪指数将股票型 ETF 分为行业主题型、宽基型和风格型 ETF。样本期内行业主题 ETF 的平均表现 最优，加权平均收益为 2.17%；商品 ETF 的平均表现最差，加权平均收益为 -1.33%。根据 ETF 所跟踪指数及其成分股上市板块将部分 ETF 进行归类， 其中所有成分股都为港股、美股和日股的 ETF 才会被归为对应类别。样本 期内，中证 2000 和科创板相关对应的 ETF 市场表现较好，加权平均收益分 别为 4.83%和 3.71%；MSCI 中国 A 股概念和美股 ETF 的市场表现较差，加权 平均收益分别为 0.54%和 1.00%。,,在样本期内一共有 2 只基金成立，为华宝中证 800 红利低波动 ETF（159355.OF），融通中证诚通央企 ESGETF（560810.OF）； 4 只基金上市，为博时中证 A500ETF（159357.OF），大成中证 A500ETF （159358.OF），天弘中证 A500ETF（159360.OF），汇添富中证 A500ETF （563880.OF）。
2025-01-06_麦高证券_ETF周报.pdf,样本期内 SGE 黄金 9999、南华商品指数和标普 500 本周收益排名靠前，分别为 1.35%、0.40%和-0.48%。煤炭、石油石化和银 行的收益排名靠前，分别为-1.61%、-2.43%和-2.75%，计算机、国防军工和 通信的收益排名较为靠后，分别为-12.49%、-10.48%和-9.95%。,根据 ETF 基金的所标的产品类型及持仓将基金分股 票、QDII、商品、债券和货币类 ETF，并根据基金所跟踪指数将股票型 ETF 分为行业主题型、宽基型和风格型 ETF。样本期内商品 ETF 的平均表现最 优，加权平均收益为 1.30%；行业主题 ETF 的平均表现最差，加权平均收益 为-7.40%；根据 ETF 所跟踪指数及其成分股上市板块将部分 ETF 进行归类， 其中所有成分股都为港股、美股和日股的 ETF 才会被归为对应类别。样本 期内，日股和美股对应的 ETF 市场表现较好，加权平均收益分别为-0.46% 和-1.52%；中证 2000 和中证 1000ETF 的市场表现较差，加权平均收益分别 为-9.05%和-8.62%。,,"在样本期内一共有 9 只基金成立，为华夏中证 港股通汽车产业主题 ETF（159323.OF），国泰创业板 50ETF（159375.OF）, 浦银安盛中证 A500ETF（159376.OF）, 永赢国证通用航空产业 ETF （159378.OF）, 东财中证 A500ETF（159380.OF）, 华泰柏瑞上证 180ETF （530300.OF), 南方上证 180ETF（530580.OF）, 博时科创板人工智能 ETF （588790.OF）, 富国上证科创板芯片 ETF（588810.OF）。"
