report_id,ETF 产品概况,ETF 资金流情况,ETF 融资融券情况,ETF 新发及上市情况
2025-06-30_麦高证券_ETF周报.pdf,,从不同类别 ETF 角度来看，债券 ETF 的资金净流入 最多，为 238.02 亿元；货币 ETF 的资金净流入最少，为-129.17 亿元。从 ETF 跟踪指数及其成分股上市板块角度来看，港股 ETF 的资金净流入最多， 为 59.61 亿元；沪深 300ETF 的资金净流入最少，为-70.79 亿元。从行业板 块角度来看，生物医药板块 ETF 的资金净流入最多，为 34.43 亿元；科技 板块 ETF 的资金净流入最少，为-37.87 亿元。从主题角度里看，银行和创 新药 ETF 的资金净流入最多，分别为 31.46 亿元和 24.96 亿元；非银和红 利 ETF 的资金净流入最少，分别为-19.32 亿元和-13.00 亿元。,在样本期内，所有股票型 ETF 的融资净买入为-12.11 亿元，融券净卖出为-1.10 亿元。统计所有股票型 ETF 中融资净买入 排名前 10 和融券净卖出排名前 10 的 ETF 基金。样本期内，华宝中证银行 ETF 的融资净买入最多，富国中证 A500ETF 的融券净卖出最多。,在样本期内一共有 6 只基金成立，2 只基金上 市。 基金公司更改 ETF 场内简称情况：随着 ETF 市场的快速扩张，原有的 ETF 命名方式存在许多问题，如简称与标的指数的差异带来混淆、产品辨识 度不高、存在冗余字样等。今年以来，多家基金公司发布公告，以“标的指 数+ETF+管理人名称”的模式更改了旗下部分 ETF 产品的场内名称。
2025-01-20_麦高证券_ETF周报.pdf,根据 ETF 基金的所标的产品类型及持仓将基金分股 票、QDII、商品、债券和货币类 ETF，并根据基金所跟踪指数将股票型 ETF 分为行业主题型、宽基型和风格型 ETF。样本期内行业主题 ETF 的平均表现 最优，加权平均收益为 3.20%；货币 ETF 的平均表现最差，加权平均收益为 -0.01%。根据 ETF 所跟踪指数及其成分股上市板块将部分 ETF 进行归类， 其中所有成分股都为港股、美股和日股的 ETF 才会被归为对应类别。样本 期内，中证 2000 和中证 1000 对应的 ETF 市场表现较好，加权平均收益分 别为 5.50%和 5.22%；美股和 MSCI 中国 A 股概念 ETF 的市场表现较差，加 权平均收益分别为 0.05%和 1.07%。,,,在样本期内一共有 16 只基金成立。为大成深 证基准做市信用债 ETF（159395.OF），博时深证基准做市信用债 ETF （159396.OF），南方上证基准做市公司债 ETF（511070.OF），易方达上证 基准做市公司债 ETF（511110.OF），海富通上证基准做市公司债 ETF （511190.OF），华夏上证基准做市公司债 ETF（511200.OF），中金中证 A500ETF（512080.OF），招商恒生港股通高股息低波动 ETF（520550.OF）， 招商利安新兴亚洲精选 ETF（520580.OF），平安上证 180ETF（530280.OF）， 银华上证 180ETF（530800.OF），华富中证 A100ETF（561880.OF），富国恒 生 A 股专精特新企业 ETF（563210.OF），易方达上证科创板人工智能 ETF （588730.OF），广发上证科创板人工智能 ETF（588760.OF），景顺长城上 证科创板 50 成份 ETF（588950.OF）。
2025-09-15_麦高证券_ETF周报.pdf,,从不同类别 ETF 角度来看，行业主题 ETF 的资金净 流入最多，为 328.62 亿元；宽基 ETF 的资金净流入最少，为-231.98 亿元。 从 ETF 跟踪指数及其成分股上市板块角度来看，港股 ETF 的资金净流入最 多，为 232.46 亿元；科创板相关 ETF 的资金净流入最少，为-117.21 亿元。 从行业板块角度来看，金融地产板块 ETF 的资金净流入最多，为 115.88 亿 元；科技板块 ETF 的资金净流入最少，为-62.35 亿元。从主题角度里看， 非银和新能源 ETF 的资金净流入最多，分别为 101.71 亿元和 78.60 亿元； 芯片半导体和人工智能 ETF 的资金净流入最少，分别为-84.66 亿元和28.26 亿元。,在样本期内，所有股票型 ETF 的融资净买入为16.29 亿元，融券净卖出为 3.98 亿元。统计所有股票型 ETF 中融资净买入 排名前 10 和融券净卖出排名前 10 的 ETF 基金。样本期内，汇添富国证港 股通创新药 ETF 的融资净买入最多，南方中证 1000ETF 的融券净卖出最多。,在样本期内一共有 8 只基金成立，4 只基金上 市。
