report_id,二级市场概况,ETF 产品概况,ETF 资金流情况,ETF 融资融券情况
2025-11-17_麦高证券_ETF周报.pdf,统计 A 股、海外主要宽基指数、黄金指数和南华商 品指数的走势，样本期内 SGE 黄金 9999、恒生指数和中证 2000 本周收益排 名靠前，分别为 3.39%、1.26%和 0.89%。计算所有申万一级行业在样本期内 的收益情况，其中综合、纺织服饰和商贸零售的收益排名靠前，分别为 6.99%、4.41%和 4.06%，通信、电子和计算机的收益排名较为靠后，分别为 -4.77%、-4.77%和-3.03%。,,从不同类别 ETF 角度来看，行业主题 ETF 的资金净 流入最多，为 145.88 亿元；宽基 ETF 的资金净流入最少，为-24.17 亿元。 从 ETF 跟踪指数及其成分股上市板块角度来看，港股 ETF 的资金净流入最 多，为 87.94 亿元；沪深 300ETF 的资金净流入最少，为-17.44 亿元。从行 业板块角度来看，科技板块 ETF 的资金净流入最多，为 80.16 亿元；周期 板块 ETF 的资金净流入最少，为-1.44 亿元。从主题角度里看，人工智能和 非银 ETF 的资金净流入最多，分别为 46.07 亿元和 27.25 亿元；银行和低 碳环保 ETF 的资金净流入最少，分别为-4.51 亿元和-1.58 亿元。,在样本期内，所有股票型 ETF 的融资净买入为 6.13 亿元，融券净卖出为-0.97 亿元。统计所有股票型 ETF 中融资净买入 排名前 10 和融券净卖出排名前 10 的 ETF 基金。样本期内，华夏上证科创 板 50ETF 的融资净买入最多，景顺长城中证红利低波动 100ETF 的融券净卖 出最多。
2024-10-21_麦高证券_ETF周报.pdf,样本期内科创 50、中证 1000 和中证 2000 本周收益 排名靠前，分别为 8.87%、6.14%和 6.08%。SGE 黄金 9999 和南华商品指数 的收益分别为 3.50%和-1.80%。计算机、电子和国防军工的收益排名靠前， 分别为 10.29%、9.65%和 7.89%，食品饮料、石油石化和煤炭的收益排名较 为靠后，分别为-3.18%、-2.00%和-0.91%。,根据 ETF 基金的所标的产品类型及持仓将基金分股 票、QDII、商品、债券和货币类 ETF，并根据基金所跟踪指数将股票型 ETF 分为行业主题型、宽基型和风格型 ETF。样本期内行业主题 ETF 的平均表现 最优，加权平均收益为 3.79%；货币 ETF 的平均表现最差，加权平均收益为 -0.12%。根据 ETF 所跟踪指数及其成分股上市板块将部分 ETF 进行归类， 其中所有成分股都为港股、美股和日股的 ETF 才会被归为对应类别。样本 期内，科创板相关和中证 2000 对应的 ETF 市场表现较好，加权平均收益分 别为 9.40%和 6.64%；日股和 MSCI 中国 A 股概念 ETF 的市场表现较差，加 权平均收益分别为-1.32%和 0.56%。,,
2025-12-01_麦高证券_ETF周报.pdf,统计 A 股、海外主要宽基指数、黄金指数和南华商 品指数的走势，样本期内中证 2000、创业板指和中证 1000 本周收益排名靠 前，分别为 4.99%、4.54%和 3.77%。计算所有申万一级行业在样本期内的收 益情况，其中通信、电子和综合的收益排名靠前，分别为 8.70%、6.05%和 4.43%，石油石化、银行和煤炭的收益排名较为靠后，分别为-0.73%、-0.59% 和-0.51%。,,从不同类别 ETF 角度来看，风格 ETF 的资金净流入 最多，为 47.67 亿元；行业主题 ETF 的资金净流入最少，为-179.34 亿元。 从 ETF 跟踪指数及其成分股上市板块角度来看，港股 ETF 的资金净流入最 多，为 94.46 亿元；创业板相关 ETF 的资金净流入最少，为-68.17 亿元。 从行业板块角度来看，消费板块 ETF 的资金净流入最多，为 5.30 亿元；科 技板块 ETF 的资金净流入最少，为-118.43 亿元。从主题角度里看，红利和 央国企 ETF 的资金净流入最多，分别为 20.24 亿元和 2.34 亿元；芯片半导 体和人工智能 ETF 的资金净流入最少，分别为-64.21 亿元和-35.20 亿元。,在样本期内，所有股票型 ETF 的融资净买入为46.52 亿元，融券净卖出为 4.00 亿元。统计所有股票型 ETF 中融资净买入 排名前 10 和融券净卖出排名前 10 的 ETF 基金。样本期内，鹏华中证酒 ETF 的融资净买入最多，南方中证 500ETF 的融券净卖出最多。
