report_id,二级市场概况,ETF 资金流情况,ETF 融资融券情况,ETF 新发及上市情况
2025-03-24_麦高证券_ETF周报.pdf,继续统计了 A 股、海外主要宽基指数估值情况以及 最近 1 年的估值分位数情况，样本中证 2000 的 PE 估值分位数最高为 96.68%，日经 225 的估值分位数最低为 16.80%。计算所有申万一级行业 在样本期内的收益情况，其中石油石化、建筑材料和家用电器的收益排名靠 前，分别为 1.51%、1.40%和 1.19%，计算机、传媒和电子的收益排名较为靠 后，分别为-5.32%、-4.96%和-4.09%。,从不同类别 ETF 角度来看，行业主题 ETF 的资金净 流入最多，为 129.51 亿元；宽基 ETF 的资金净流入最少，为-209.53 亿元。 从 ETF 跟踪指数及其成分股上市板块角度来看，港股 ETF 的资金净流入最 多，为 47.99 亿元；沪深 300ETF 的资金净流入最少，为-73.38 亿元。从 行业板块角度来看，科技板块 ETF 的资金净流入最多，为 46.76 亿元；生 物医药板块 ETF 的资金净流入最少，为-1.64 亿元。从主题角度里看，非银 和芯片半导体 ETF 的资金净流入最多，分别为 33.69 亿元和 25.46 亿元； 红利和银行 ETF 的资金净流入最少，分别为-7.63 亿元和-2.46 亿元。,在样本期内一共有 5 只基金成立，2 只基金上 市。另外，还统计了 2024 年 9 月 24 日后新成立的科创板 ETF 的新发行规 模。今年 2 月科创板 ETF 的新发行规模最大，达到 223.97 亿元。,在样本期内，所有股票型 ETF 的融资净买入为 31.16 亿元，融券净卖出为-4.27 亿元。统计所有股票型 ETF 中融资净买入 排名前 10 和融券净卖出排名前 10 的 ETF 基金。样本期内，华夏上证科创 板 50ETF 的融资净买入最多，富国中证 A500ETF 的融券净卖出最多。
2025-07-14_麦高证券_ETF周报.pdf,统计 A 股、海外主要宽基指数、黄金指数和南华商 品指数的走势，样本期内中证 1000、创业板指和中证 2000 本周收益排名靠 前，分别为 2.36%、2.36%和 2.32%。计算所有申万一级行业在样本期内的收 益情况，其中房地产、钢铁和非银金融的收益排名靠前，分别为 6.12%、 4.41%和 3.96%，煤炭、银行和汽车的收益排名较为靠后，分别为-1.08%、 -1.00%和-0.41%。,从不同类别 ETF 角度来看，债券 ETF 的资金净流入 最多，为 85.53 亿元；宽基 ETF 的资金净流入最少，为-81.26 亿元。从 ETF 跟踪指数及其成分股上市板块角度来看，中证 1000ETF 的资金净流入最多， 为 24.66 亿元；创业板相关 ETF 的资金净流入最少，为-20.82 亿元。从行 业板块角度来看，金融地产板块 ETF 的资金净流入最多，为 32.60 亿元； 生物医药板块 ETF 的资金净流入最少，为-11.65 亿元。从主题角度里看， 军工和芯片半导体 ETF 的资金净流入最多，分别为 22.71 亿元和 21.68 亿 元；人工智能和创新药 ETF 的资金净流入最少，分别为-3.93 亿元和-2.19 亿元。,在样本期内一共有 14 只基金成立，8 只基金上 市。,在样本期内，所有股票型 ETF 的融资净买入为1.80 亿元，融券净卖出为-2.16 亿元。统计所有股票型 ETF 中融资净买入 排名前 10 和融券净卖出排名前 10 的 ETF 基金。样本期内，嘉实上证科创 板芯片 ETF 的融资净买入最多，华夏上证 50ETF 的融券净卖出最多。
2025-10-20_麦高证券_ETF周报.pdf,统计 A 股、海外主要宽基指数、黄金指数和南华商 品指数的走势，样本期内 SGE 黄金 9999、标普 500 和日经 225 本周收益排 名靠前，分别为 10.71%、1.70%和-1.05%。计算所有申万一级行业在样本期 内的收益情况，其中银行、煤炭和食品饮料的收益排名靠前，分别为 4.89%、 4.17%和 0.86%，电子、传媒和汽车的收益排名较为靠后，分别为-7.14%、 -6.27%和-5.99%。,从不同类别 ETF 角度来看，行业主题 ETF 的资金净 流入最多，为 467.78 亿元；宽基 ETF 的资金净流入最少，为-205.63 亿元。 从 ETF 跟踪指数及其成分股上市板块角度来看，港股 ETF 的资金净流入最 多，为 217.57 亿元；创业板相关 ETF 的资金净流入最少，为-40.60 亿元。 从行业板块角度来看，金融地产板块 ETF 的资金净流入最多，为 160.23 亿 元；生物医药板块 ETF 的资金净流入最少，为 27.90 亿元。从主题角度里 看，非银和银行 ETF 的资金净流入最多，分别为 82.25 亿元和 78.57 亿元； 消费电子和人工智能 ETF 的资金净流入最少，分别为-6.07 亿元和-1.30 亿 元。,在样本期内一共有 1 只基金成立，7 只基金上 市。,在样本期内，所有股票型 ETF 的融资净买入为 21.74 亿元，融券净卖出为 5.43 亿元。统计所有股票型 ETF 中融资净买入 排名前 10 和融券净卖出排名前 10 的 ETF 基金。样本期内，汇添富中证主 要消费 ETF 的融资净买入最多，南方中证 500ETF 的融券净卖出最多。
