report_id,二级市场概况,ETF 产品概况,ETF 资金流情况,ETF 融资融券情况,ETF 新发及上市情况
2024-10-21_麦高证券_ETF周报.pdf,样本期内科创 50、中证 1000 和中证 2000 本周收益 排名靠前，分别为 8.87%、6.14%和 6.08%。SGE 黄金 9999 和南华商品指数 的收益分别为 3.50%和-1.80%。计算机、电子和国防军工的收益排名靠前， 分别为 10.29%、9.65%和 7.89%，食品饮料、石油石化和煤炭的收益排名较 为靠后，分别为-3.18%、-2.00%和-0.91%。,根据 ETF 基金的所标的产品类型及持仓将基金分股 票、QDII、商品、债券和货币类 ETF，并根据基金所跟踪指数将股票型 ETF 分为行业主题型、宽基型和风格型 ETF。样本期内行业主题 ETF 的平均表现 最优，加权平均收益为 3.79%；货币 ETF 的平均表现最差，加权平均收益为 -0.12%。根据 ETF 所跟踪指数及其成分股上市板块将部分 ETF 进行归类， 其中所有成分股都为港股、美股和日股的 ETF 才会被归为对应类别。样本 期内，科创板相关和中证 2000 对应的 ETF 市场表现较好，加权平均收益分 别为 9.40%和 6.64%；日股和 MSCI 中国 A 股概念 ETF 的市场表现较差，加 权平均收益分别为-1.32%和 0.56%。,,,在样本期内一共有 1 只基金成立，为景顺长城 中证港股通创新药 ETF（513780.OF）；12 只基金上市，为国泰中证 A500ETF （159338.OF），银华中证 A500ETF（159339.OF），嘉实中证 A500ETF （159351.OF），南方中证 A500ETF（159352.OF），景顺长城中证 A500ETF （159353.OF），万家中证港股通创新药 ETF（520700.OF），泰康中证 A500ETF （560510.OF），摩根中证 A500ETF（560530.OF），招商中证 A500ETF （560610.OF），华泰柏瑞中证油气产业 ETF（561570.OF），富国中证 A500ETF （563220.OF），华泰柏瑞中证 A500ETF（563360.OF）。
2025-04-07_麦高证券_ETF周报.pdf,统计 A 股、海外主要宽基指数、黄金指数和南华商 品指数的走势，样本期内 SGE 黄金 9999、南华商品指数和中证 1000 本周收 益排名靠前，分别为 2.69%、-0.45%和-1.04%。计算所有申万一级行业在样 本期内的收益情况，其中公用事业、农林牧渔和医药生物的收益排名靠前， 分别为 2.55%、1.51%和 1.20%，汽车、电力设备和家用电器的收益排名较为 靠后，分别为-3.54%、-3.51%和-3.46%。,,从不同类别 ETF 角度来看，行业主题 ETF 的资金净 流入最多，为 134.19 亿元；风格 ETF 的资金净流入最少，为 7.75 亿元。 从 ETF 跟踪指数及其成分股上市板块角度来看，美股 ETF 的资金净流入最 多，为 86.35 亿元；沪深 300ETF 的资金净流入最少，为-12.72 亿元。从行 业板块角度来看，科技板块 ETF 的资金净流入最多，为 38.22 亿元；消费 板块 ETF 的资金净流入最少，为-2.03 亿元。从主题角度里看，军工和芯片 半导体 ETF 的资金净流入最多，分别为 20.60 亿元和 12.87 亿元；银行和 央国企 ETF 的资金净流入最少，分别为-3.56 亿元和-2.07 亿元。,在样本期内，所有股票型 ETF 的融资净买入为 16.50 亿元，融券净卖出为 1.01 亿元。统计所有股票型 ETF 中融资净买入 排名前 10 和融券净卖出排名前 10 的 ETF 基金。样本期内，易方达创业板 ETF 的融资净买入最多，南方中证 500ETF 的融券净卖出最多。,在样本期内一共有 8 只基金成立，4 只基金上 市。
2025-09-29_麦高证券_ETF周报.pdf,统计 A 股、海外主要宽基指数、黄金指数和南华商 品指数的走势，样本期内科创 50、SGE 黄金 9999 和创业板指本周收益排名 靠前，分别为 6.47%、3.32%和 1.96%。计算所有申万一级行业在样本期内的 收益情况，其中电力设备、有色金属和电子的收益排名靠前，分别为 3.86%、 3.52%和 3.51%，社会服务、综合和商贸零售的收益排名较为靠后，分别为 -5.92%、-4.61%和-4.32%。,,从不同类别 ETF 角度来看，债券 ETF 的资金净流入 最多，为 780.27 亿元；QDIIETF 的资金净流入最少，为-27.15 亿元。从 ETF 跟踪指数及其成分股上市板块角度来看，创业板相关 ETF 的资金净流入最 多，为 5.49 亿元；沪深 300ETF 的资金净流入最少，为-38.82 亿元。从行 业板块角度来看，科技板块 ETF 的资金净流入最多，为 168.58 亿元；周期 板块 ETF 的资金净流入最少，为-16.01 亿元。从主题角度里看，芯片半导 体和机器人 ETF 的资金净流入最多，分别为 100.50 亿元和 40.39 亿元；新 能源和央国企 ETF 的资金净流入最少，分别为-9.15 亿元和-5.19 亿元。,在样本期内，所有股票型 ETF 的融资净买入为0.80 亿元，融券净卖出为-1.13 亿元。统计所有股票型 ETF 中融资净买入 排名前 10 和融券净卖出排名前 10 的 ETF 基金。样本期内，易方达中证香 港证券投资主题 ETF 的融资净买入最多，广发中证 1000ETF 的融券净卖出 最多。,在样本期内一共有 11 只基金成立，21 只基金上 市。
