report_id,二级市场概况,ETF 产品概况,ETF 资金流情况,ETF 融资融券情况,ETF 新发及上市情况
2025-04-21_麦高证券_ETF周报.pdf,统计 A 股、海外主要宽基指数、黄金指数和南华商 品指数的走势，样本期内 SGE 黄金 9999、日经 225 和恒生指数本周收益排 名靠前，分别为 3.87%、3.41%和 2.30%。计算所有申万一级行业在样本期内 的收益情况，其中银行、房地产和综合的收益排名靠前，分别为 4.04%、 3.40%和 3.01%，国防军工、农林牧渔和计算机的收益排名较为靠后，分别 为-2.55%、-2.15%和-0.84%。,从不同类别 ETF 角度来看，宽基 ETF 的资金净流入 最多，为 349.28 亿元；风格 ETF 的资金净流入最少，为-13.40 亿元。从 ETF 跟踪指数及其成分股上市板块角度来看，沪深 300ETF 的资金净流入最 多，为 321.92 亿元；创业板相关 ETF 的资金净流入最少，为-4.57 亿元。 从行业板块角度来看，生物医药板块 ETF 的资金净流入最多，为 8.33 亿元； 金融地产板块 ETF 的资金净流入最少，为-12.26 亿元。从主题角度里看， 芯片半导体和创新药 ETF 的资金净流入最多，分别为 5.98 亿元和 2.47 亿 元；非银和红利 ETF 的资金净流入最少，分别为-12.79 亿元和-6.10 亿元。,,在样本期内，所有股票型 ETF 的融资净买入为7.64 亿元，融券净卖出为 0.05 亿元。统计所有股票型 ETF 中融资净买入排 名前 10 和融券净卖出排名前 10 的 ETF 基金。样本期内，南方中证 500ETF 的融资净买入最多，南方中证 500ETF 的融券净卖出最多。,在样本期内一共有 6 只基金成立，12 只基金上 市。
2025-11-17_麦高证券_ETF周报.pdf,统计 A 股、海外主要宽基指数、黄金指数和南华商 品指数的走势，样本期内 SGE 黄金 9999、恒生指数和中证 2000 本周收益排 名靠前，分别为 3.39%、1.26%和 0.89%。计算所有申万一级行业在样本期内 的收益情况，其中综合、纺织服饰和商贸零售的收益排名靠前，分别为 6.99%、4.41%和 4.06%，通信、电子和计算机的收益排名较为靠后，分别为 -4.77%、-4.77%和-3.03%。,从不同类别 ETF 角度来看，行业主题 ETF 的资金净 流入最多，为 145.88 亿元；宽基 ETF 的资金净流入最少，为-24.17 亿元。 从 ETF 跟踪指数及其成分股上市板块角度来看，港股 ETF 的资金净流入最 多，为 87.94 亿元；沪深 300ETF 的资金净流入最少，为-17.44 亿元。从行 业板块角度来看，科技板块 ETF 的资金净流入最多，为 80.16 亿元；周期 板块 ETF 的资金净流入最少，为-1.44 亿元。从主题角度里看，人工智能和 非银 ETF 的资金净流入最多，分别为 46.07 亿元和 27.25 亿元；银行和低 碳环保 ETF 的资金净流入最少，分别为-4.51 亿元和-1.58 亿元。,,在样本期内，所有股票型 ETF 的融资净买入为 6.13 亿元，融券净卖出为-0.97 亿元。统计所有股票型 ETF 中融资净买入 排名前 10 和融券净卖出排名前 10 的 ETF 基金。样本期内，华夏上证科创 板 50ETF 的融资净买入最多，景顺长城中证红利低波动 100ETF 的融券净卖 出最多。,在样本期内一共有 5 只基金成立，11 只基金上 市。
2025-03-10_麦高证券_ETF周报.pdf,继续统计了 A 股、海外主要宽基指数估值情况以及 最近 1 年的估值分位数情况，样本中证 2000 的 PE 估值分位数最高为 99.59%，日经 225 的估值分位数最低为 3.69%。计算所有申万一级行业在样 本期内的收益情况，其中有色金属、国防军工和计算机的收益排名靠前，分 别为 7.08%、6.96%和 6.74%，石油石化、综合和房地产的收益排名较为靠 后，分别为-1.49%、-1.03%和-0.91%。,从不同类别 ETF 角度来看，行业主题 ETF 的资金净 流入最多，为 97.47 亿元；宽基 ETF 的资金净流入最少，为-296.49 亿元。 从 ETF 跟踪指数及其成分股上市板块角度来看，港股 ETF 的资金净流入最 多，为 57.26 亿元；科创板相关 ETF 的资金净流入最少，为-116.45 亿元。 从行业板块角度来看，科技板块 ETF 的资金净流入最多，为 16.12 亿元； 消费板块 ETF 的资金净流入最少，为-2.71 亿元。从主题角度里看，机器人 和新能源 ETF 的资金净流入最多，分别为 8.53 亿元和 7.90 亿元；非银和 军工 ETF 的资金净流入最少，分别为-4.85 亿元和-3.86 亿元。,,在样本期内，所有股票型 ETF 的融资净买入为19.97 亿元，融券净卖出为 1.67 亿元。统计所有股票型 ETF 中融资净买入 排名前 10 和融券净卖出排名前 10 的 ETF 基金。样本期内，嘉实沪深 300ETF 的融资净买入最多，南方中证 1000ETF 的融券净卖出最多。,在样本期内一共有 4 只基金成立，13 只基金 上市。
